Date,Open,High,Low,Close,Volume,OI,P,R,RINFO
20140521,146280.0,146320.0,145750.0,145920.0,521860,1161624,0,0,0.0
20140522,145750.0,146240.0,145670.0,146030.0,420860,1156859,201409,201409,0.0
20140523,145990.0,146150.0,145930.0,145980.0,116210,70015,0,0,-1110.0
20140526,146101.0,146160.0,145829.0,146040.0,581740,71631,0,0,0.0
20140527,145910.0,146472.0,145859.0,146383.0,847130,89936,0,0,0.0
20140528,146474.0,147036.0,146363.0,146988.0,606880,104330,0,0,0.0
20140529,147069.0,147066.0,146605.0,146605.0,686810,129410,0,0,0.0
20140530,146283.0,146804.0,146283.0,146807.0,1222600,188183,0,0,0.0
20140602,146726.0,146985.0,146485.0,146646.0,1995800,415585,0,0,0.0
20140603,146716.0,146713.0,145860.0,145860.0,2096900,728334,0,0,0.0
20140604,145950.0,146159.0,145699.0,145789.0,1443400,1009901,0,0,0.0
20140605,145930.0,146330.0,145135.0,146283.0,851560,1114720,0,0,0.0
20140606,146363.0,147106.0,146274.0,146757.0,325750,1118628,0,0,0.0
20140609,146635.0,146874.0,146445.0,146555.0,541690,1119160,0,0,0.0
20140610,146675.0,146683.0,146052.0,146061.0,711300,1154286,0,0,0.0
20140611,146000.0,146411.0,145689.0,146293.0,551940,1155911,0,0,0.0
20140612,146081.0,146744.0,146011.0,146364.0,623050,1171463,0,0,0.0
20140613,146464.0,146764.0,146021.0,146646.0,387300,1208323,0,0,0.0
20140616,146766.0,146925.0,146626.0,146757.0,560690,1207354,0,0,0.0
20140617,146776.0,146834.0,146132.0,146213.0,551560,1224125,0,0,0.0
20140618,146252.0,146794.0,146021.0,146757.0,591330,1236660,0,0,0.0
20140619,146887.0,147449.0,146827.0,147049.0,419720,1279737,0,0,0.0
20140620,147169.0,147197.0,146777.0,147019.0,388010,1283744,0,0,0.0
20140623,146927.0,147378.0,146837.0,147100.0,477860,1119093,0,0,0.0
20140624,147139.0,147418.0,147109.0,147422.0,573010,1136732,0,0,0.0
20140625,147472.0,148043.0,147331.0,147896.0,577070,1133050,0,0,0.0
20140626,147905.0,148305.0,147855.0,148188.0,455250,1139133,0,0,0.0
20140627,148318.0,148315.0,147936.0,148007.0,480230,1144167,0,0,0.0
20140630,148026.0,148255.0,147896.0,148209.0,422090,1146600,0,0,0.0
20140701,148107.0,148315.0,147977.0,148118.0,613380,1165799,0,0,0.0
20140702,148137.0,148375.0,147675.0,147695.0,727270,1185339,0,0,0.0
20140703,147744.0,147740.0,146970.0,147655.0,307430,1206855,0,0,0.0
20140707,147925.0,148103.0,147837.0,148038.0,534250,1202288,0,0,0.0
20140708,148006.0,148597.0,147938.0,148562.0,423260,1249170,0,0,0.0
20140709,148530.0,148668.0,148361.0,148622.0,757270,1240334,0,0,0.0
20140710,148671.0,149192.0,148603.0,148733.0,460170,1246274,0,0,0.0
20140711,148772.0,148849.0,148522.0,148662.0,230590,1217550,0,0,0.0
20140714,148631.0,148789.0,148593.0,148672.0,671600,1214332,0,0,0.0
20140715,148752.0,149031.0,148563.0,148692.0,494330,1201250,0,0,0.0
20140716,148762.0,148991.0,148734.0,148994.0,637260,1196169,0,0,0.0
20140717,149084.0,149616.0,149006.0,149548.0,465110,1180120,0,0,0.0
20140718,149487.0,149626.0,149258.0,149387.0,321780,1184098,0,0,0.0
20140721,149437.0,149586.0,149339.0,149387.0,636780,1178298,0,0,0.0
20140722,149427.0,149465.0,149047.0,149306.0,458730,1170546,0,0,0.0
20140723,149276.0,149576.0,149148.0,149417.0,603600,1182118,0,0,0.0
20140724,149457.0,149526.0,148916.0,149044.0,605238,1180127,0,0,0.0
20140725,149084.0,149536.0,148946.0,149508.0,427300,1166733,0,0,0.0
20140728,149487.0,149596.0,149198.0,149437.0,621570,1172062,0,0,0.0
20140729,149376.0,149918.0,149319.0,149870.0,721360,1180135,0,0,0.0
20140730,149779.0,149847.0,148886.0,149064.0,910470,1155769,0,0,0.0
20140731,149074.0,149404.0,148785.0,149255.0,810250,1159163,0,0,0.0
20140801,149114.0,149757.0,148876.0,149608.0,388470,1178784,0,0,0.0
20140804,149537.0,149707.0,149471.0,149497.0,543440,1185034,0,0,0.0
20140805,149537.0,149616.0,148977.0,149416.0,771250,1200707,0,0,0.0
20140806,149346.0,150130.0,149330.0,150051.0,699020,1275317,0,0,0.0
20140807,150041.0,150634.0,150005.0,150635.0,811990,1249150,0,0,0.0
20140808,150827.0,150987.0,150307.0,150323.0,427740,1249794,0,0,0.0
20140811,150363.0,150654.0,150307.0,150514.0,472780,1266909,0,0,0.0
20140812,150454.0,150684.0,150398.0,150433.0,693100,1265573,0,0,0.0
20140813,150383.0,151017.0,150217.0,150977.0,697004,1289070,0,0,0.0
20140814,151028.0,151309.0,150943.0,151048.0,650340,1341751,0,0,0.0
20140815,151028.0,151853.0,151014.0,151461.0,658569,1308137,0,0,0.0
20140818,151350.0,151420.0,150964.0,150957.0,493010,1311375,0,0,0.0
20140819,150997.0,151400.0,150974.0,151229.0,461000,1329382,0,0,0.0
20140820,151219.0,151521.0,151095.0,151340.0,605120,1345860,0,0,0.0
20140821,151279.0,151551.0,151105.0,151370.0,613110,1319205,201412,201412,0.0
20140822,151430.0,151803.0,151327.0,151642.0,401870,57309,0,0,-1940.0
20140825,151583.0,152283.0,151592.0,152081.0,578600,59286,0,0,0.0
20140826,152093.0,152212.0,151970.0,152163.0,688200,71533,0,0,0.0
20140827,152205.0,152661.0,152164.0,152520.0,759570,82733,0,0,0.0
20140828,152572.0,153028.0,152460.0,152918.0,713620,86605,0,0,0.0
20140829,152888.0,152906.0,152470.0,152693.0,357990,109035,0,0,0.0
20140901,152694.0,152814.0,152623.0,152785.0,357990,109035,0,0,0.0
20140902,152704.0,152712.0,152031.0,152203.0,1764600,152814,0,0,0.0
20140903,152183.0,152253.0,151704.0,152121.0,2566300,703470,0,0,0.0
20140904,152122.0,152661.0,151653.0,151825.0,1596500,968396,0,0,0.0
20140905,151795.0,152436.0,151755.0,152162.0,597930,1183620,0,0,0.0
20140908,152234.0,152538.0,151735.0,151825.0,954600,1166570,0,0,0.0
20140909,151713.0,151783.0,151255.0,151478.0,831600,1181586,0,0,0.0
20140910,151427.0,151538.0,151112.0,151386.0,885550,1178967,0,0,0.0
20140911,151447.0,151814.0,151377.0,151406.0,654440,1179712,0,0,0.0
20140912,151396.0,151416.0,150856.0,150906.0,563260,1196165,0,0,0.0
20140915,150998.0,151467.0,150897.0,151345.0,674650,1206573,0,0,0.0
20140916,151406.0,151712.0,151193.0,151202.0,613830,1205876,0,0,0.0
20140917,151232.0,151692.0,151132.0,151182.0,847020,1200982,0,0,0.0
20140918,151069.0,151559.0,150805.0,151100.0,760950,1211564,0,0,0.0
20140919,150875.0,151804.0,150713.0,151764.0,520830,1231320,0,0,0.0
20140922,151865.0,152069.0,151673.0,152029.0,587810,1212046,0,0,0.0
20140923,151998.0,152355.0,151928.0,152100.0,575840,1230855,0,0,0.0
20140924,152049.0,152273.0,151887.0,151967.0,625910,1211574,0,0,0.0
20140925,151998.0,152589.0,152010.0,152559.0,721471,1219602,0,0,0.0
20140926,152621.0,152834.0,152378.0,152539.0,568511,1232634,0,0,0.0
20140929,152570.0,152793.0,152327.0,152651.0,892830,1210952,0,0,0.0
20140930,152580.0,152915.0,152419.0,152835.0,886310,1225698,0,0,0.0
20141001,152835.0,153548.0,152776.0,153539.0,886300,1225189,0,0,0.0
20141002,153458.0,153477.0,152980.0,153090.0,628690,1210198,0,0,0.0
20141003,153111.0,153191.0,152572.0,153059.0,566220,1219366,0,0,0.0
20141006,153060.0,153354.0,153062.0,153222.0,830250,1204911,0,0,0.0
20141007,153285.0,153476.0,152960.0,153467.0,732120,1194143,0,0,0.0
20141008,153305.0,153558.0,153083.0,153447.0,940950,1198272,0,0,0.0
20141009,153448.0,153915.0,153277.0,153335.0,705790,1200476,0,0,0.0
20141010,153428.0,153711.0,153154.0,153713.0,472770,1195402,0,0,0.0
20141013,153887.0,153895.0,153358.0,153580.0,947200,1189828,0,0,0.0
20141014,153509.0,154334.0,153378.0,154244.0,1617400,1200846,0,0,0.0
20141015,154060.0,155661.0,154072.0,154714.0,1412000,1219469,0,0,0.0
20141016,154805.0,155641.0,154021.0,154265.0,962060,1179728,0,0,0.0
20141017,154356.0,154406.0,153633.0,153816.0,695060,1174749,0,0,0.0
20141020,153815.0,154263.0,153786.0,153959.0,779070,1165478,0,0,0.0
20141021,154152.0,154263.0,153398.0,153551.0,657070,1171237,0,0,0.0
20141022,153723.0,153967.0,153429.0,153857.0,634975,1183831,0,0,0.0
20141023,153927.0,154069.0,153215.0,153347.0,613380,1179558,0,0,0.0
20141024,153529.0,153875.0,153409.0,153418.0,529690,1189832,0,0,0.0
20141027,153417.0,153855.0,153205.0,153653.0,562650,1179883,0,0,0.0
20141028,153682.0,153845.0,153368.0,153602.0,464630,1162905,0,0,0.0
20141029,153692.0,153794.0,153194.0,153408.0,789920,1162253,0,0,0.0
20141030,153386.0,154243.0,153368.0,154031.0,804530,1192854,0,0,0.0
20141031,153896.0,154294.0,153695.0,154235.0,529750,1192854,0,0,0.0
20141103,154315.0,154498.0,153828.0,154102.0,716120,1218118,0,0,0.0
20141104,154121.0,154600.0,153981.0,154388.0,493810,1216263,0,0,0.0
20141105,154335.0,154457.0,154226.0,154357.0,717480,1214133,0,0,0.0
20141106,154406.0,154498.0,153920.0,154275.0,652680,1221970,0,0,0.0
20141107,154253.0,154549.0,153930.0,154530.0,422790,1230325,0,0,0.0
20141110,154518.0,154743.0,154236.0,154254.0,335580,1206714,0,0,0.0
20141111,154253.0,154498.0,154124.0,154407.0,601550,1202401,0,0,0.0
20141112,154478.0,154865.0,154471.0,154478.0,551880,1233519,0,0,0.0
20141113,154488.0,154957.0,154451.0,154835.0,466280,1262900,0,0,0.0
20141114,154835.0,155090.0,154788.0,155049.0,556280,1245452,0,0,0.0
20141117,155182.0,155243.0,154676.0,154753.0,492410,1235981,0,0,0.0
20141118,154835.0,155008.0,154717.0,154743.0,734840,1234561,0,0,0.0
20141119,154804.0,154906.0,154094.0,154253.0,770960,1236212,0,0,0.0
20141120,154294.0,154926.0,154247.0,154753.0,584130,1267758,0,0,0.0
20141121,154743.0,155212.0,154706.0,155182.0,464827,1251087,201503,201503,0.0
20141124,155141.0,155222.0,154971.0,155202.0,599623,112005,0,0,800.0
20141125,155141.0,155618.0,155144.0,155578.0,620005,125819,0,0,0.0
20141126,155618.0,155770.0,155449.0,155740.0,593770,158941,0,0,0.0
20141127,155699.0,156176.0,155693.0,156126.0,469817,141015,0,0,0.0
20141128,156105.0,156206.0,155988.0,156167.0,986132,178600,0,0,0.0
20141201,156217.0,156236.0,155389.0,155436.0,1440400,251874,0,0,0.0
20141202,155394.0,155738.0,155379.0,155426.0,2025054,451273,0,0,0.0
20141203,155465.0,155647.0,155257.0,155517.0,1985946,750011,0,0,0.0
20141204,155465.0,155698.0,154932.0,155375.0,1062420,960212,0,0,0.0
20141205,155404.0,155536.0,154871.0,155172.0,645255,1091458,0,0,0.0
20141208,155079.0,156074.0,154962.0,155984.0,759995,1108861,0,0,0.0
20141209,155932.0,156358.0,155835.0,156218.0,510456,1082333,0,0,0.0
20141210,156206.0,156612.0,156211.0,156563.0,604067,1067046,0,0,0.0
20141211,156511.0,156714.0,156353.0,156533.0,554285,1073936,0,0,0.0
20141212,156673.0,157191.0,156627.0,157132.0,469450,1084663,0,0,0.0
20141215,157089.0,157120.0,156749.0,156990.0,846560,1091621,0,0,0.0
20141216,157008.0,157841.0,156932.0,157630.0,551710,1090633,0,0,0.0
20141217,157414.0,157851.0,157328.0,157336.0,566350,1098074,0,0,0.0
20141218,157444.0,157790.0,156993.0,157224.0,354020,1105454,0,0,0.0
20141219,157292.0,157607.0,156983.0,157539.0,228920,1121207,0,0,0.0
20141222,157627.0,157627.0,157308.0,157529.0,201708,1118278,0,0,0.0
20141223,157525.0,157708.0,157328.0,157397.0,238170,1114017,0,0,0.0
20141229,157535.0,158287.0,157470.0,158159.0,337410,1118263,0,0,0.0
20150102,158246.0,158988.0,158161.0,158910.0,593780,1140284,0,0,0.0
20150105,158926.0,158998.0,158628.0,158737.0,735380,1144237,0,0,0.0
20150106,158814.0,159628.0,158719.0,159397.0,759650,1144455,0,0,0.0
20150107,159271.0,159689.0,158942.0,159113.0,676600,1123331,0,0,0.0
20150108,159027.0,159171.0,158698.0,158747.0,663850,1122768,0,0,0.0
20150109,158783.0,159191.0,158525.0,158859.0,484560,1124310,0,0,0.0
20150112,158935.0,159323.0,158728.0,159204.0,606380,1149794,0,0,0.0
20150113,159128.0,159465.0,158992.0,159174.0,745390,1135951,0,0,0.0
20150114,159372.0,159841.0,159276.0,159641.0,902470,1158901,0,0,0.0
20150115,159443.0,160135.0,159438.0,160108.0,761830,1161186,0,0,0.0
20150116,160083.0,160409.0,159814.0,159854.0,363620,1161473,0,0,0.0
20150119,160012.0,160318.0,159844.0,160138.0,618410,1132577,0,0,0.0
20150120,160063.0,160288.0,159976.0,160087.0,1053000,1158077,0,0,0.0
20150121,160134.0,160197.0,159042.0,159112.0,1218300,1160786,0,0,0.0
20150122,159037.0,160522.0,158423.0,160056.0,822480,1178017,0,0,0.0
20150123,160256.0,161395.0,160139.0,161315.0,549330,1165998,0,0,0.0
20150126,161332.0,161507.0,160586.0,160716.0,598800,1152803,0,0,0.0
20150127,160753.0,160928.0,160606.0,160645.0,676800,1138885,0,0,0.0
20150128,160611.0,161649.0,160281.0,161539.0,578920,1132592,0,0,0.0
20150129,161403.0,161568.0,160931.0,161001.0,636250,1133309,0,0,0.0
20150130,161149.0,162005.0,161083.0,161945.0,485680,1131716,0,0,0.0
20150202,161829.0,161964.0,161631.0,161722.0,641280,1139740,0,0,0.0
20150203,161799.0,161832.0,161123.0,161204.0,691200,1166180,0,0,0.0
20150204,161109.0,161497.0,160981.0,161346.0,663590,1169535,0,0,0.0
20150205,161586.0,161639.0,160778.0,161031.0,621540,1161296,0,0,0.0
20150206,161017.0,161416.0,160778.0,160899.0,526010,1171114,0,0,0.0
20150209,161027.0,161568.0,160910.0,161183.0,764740,1172305,0,0,0.0
20150210,161068.0,161253.0,160636.0,161000.0,427500,1190401,0,0,0.0
20150211,161007.0,161334.0,160981.0,161234.0,756210,1166264,0,0,0.0
20150212,161230.0,161700.0,160910.0,161569.0,521300,1205110,0,0,0.0
20150213,161545.0,161588.0,161184.0,161275.0,294050,1204804,0,0,0.0
20150216,161261.0,161832.0,161235.0,161773.0,589600,1208787,0,0,0.0
20150217,161819.0,161822.0,160748.0,160910.0,710920,1215685,0,0,0.0
20150218,160997.0,161172.0,160687.0,161113.0,711130,1240201,0,0,0.0
20150219,161149.0,161334.0,160789.0,160961.0,807520,1208870,0,0,0.0
20150220,160926.0,161659.0,160657.0,160819.0,481070,1204389,0,0,0.0
20150223,160977.0,161395.0,160870.0,161347.0,586770,1209311,201506,201506,0.0
20150224,161403.0,161405.0,161012.0,161388.0,775400,149543,0,0,-2230.0
20150225,161434.0,162074.0,161403.0,162057.0,767880,179682,0,0,0.0
20150226,162062.0,162486.0,161980.0,162170.0,978270,221270,0,0,0.0
20150227,162309.0,162311.0,161722.0,162026.0,1013700,287614,0,0,0.0
20150302,161907.0,162126.0,161506.0,161511.0,2121700,431974,0,0,0.0
20150303,161557.0,161745.0,161197.0,161264.0,2126600,717757,0,0,0.0
20150304,161186.0,161488.0,161063.0,161192.0,1966600,1032398,0,0,0.0
20150305,161145.0,162034.0,160486.0,161697.0,792080,1254160,0,0,0.0
20150306,161845.0,161859.0,160805.0,160904.0,673791,1233117,0,0,0.0
20150309,160898.0,162075.0,160887.0,161996.0,800560,1246235,0,0,0.0
20150310,161990.0,163228.0,161979.0,163191.0,770220,1294310,0,0,0.0
20150311,163133.0,163537.0,162885.0,163304.0,753520,1266813,0,0,0.0
20150312,163349.0,163578.0,162638.0,162707.0,593110,1276486,0,0,0.0
20150313,162649.0,162909.0,162308.0,162656.0,511560,1279662,0,0,0.0
20150316,162742.0,162785.0,162184.0,162440.0,477900,1277424,0,0,0.0
20150317,162495.0,162548.0,162225.0,162327.0,737170,1279998,0,0,0.0
20150318,162382.0,163887.0,162349.0,163800.0,530440,1288174,0,0,0.0
20150319,163680.0,163753.0,163204.0,163491.0,369270,1285819,0,0,0.0
20150320,163536.0,163732.0,163348.0,163604.0,434390,1280360,0,0,0.0
20150323,163629.0,163701.0,162987.0,163130.0,493310,1271325,0,0,0.0
20150324,163124.0,163413.0,162843.0,163058.0,456270,1272432,0,0,0.0
20150325,163062.0,163300.0,162874.0,162893.0,435660,1280949,0,0,0.0
20150326,163021.0,163300.0,162915.0,163130.0,533570,1283168,0,0,0.0
20150327,163175.0,163341.0,162791.0,163233.0,396330,1295499,0,0,0.0
20150330,163257.0,163640.0,163141.0,163223.0,497020,1293139,0,0,0.0
20150331,163278.0,163630.0,163100.0,163532.0,570280,1302743,0,0,0.0
20150401,163463.0,163970.0,163316.0,163656.0,399610,1303051,0,0,0.0
20150402,163669.0,163826.0,163378.0,163512.0,285270,1303051,0,0,0.0
20150407,163607.0,163651.0,163388.0,163636.0,386320,1281005,0,0,0.0
20150408,163700.0,163950.0,163697.0,163873.0,454740,1294213,0,0,0.0
20150409,163906.0,164207.0,163769.0,163791.0,386620,1312241,0,0,0.0
20150410,163793.0,164135.0,163779.0,163904.0,386620,1312241,0,0,0.0
20150413,163968.0,164166.0,163800.0,163966.0,385536,1310014,0,0,0.0
20150414,164112.0,164393.0,164016.0,164316.0,455024,1316628,0,0,0.0
20150415,164236.0,164836.0,164222.0,164749.0,491173,1316425,0,0,0.0
20150416,164699.0,165196.0,164696.0,164976.0,609389,1337856,0,0,0.0
20150417,165111.0,165495.0,165015.0,165089.0,486837,1336167,0,0,0.0
20150420,165132.0,165310.0,165046.0,165161.0,353245,1331573,0,0,0.0
20150421,165153.0,165238.0,164613.0,164790.0,507052,1321762,0,0,0.0
20150422,164762.0,164970.0,163882.0,163956.0,716871,1331443,0,0,0.0
20150423,164000.0,164352.0,163789.0,163935.0,613270,1329228,0,0,0.0
20150424,163928.0,164146.0,163696.0,164059.0,546428,1322404,0,0,0.0
20150427,164165.0,164321.0,163799.0,163956.0,392338,1320370,0,0,0.0
20150428,163959.0,164239.0,163820.0,164038.0,495192,1315913,0,0,0.0
20150429,163949.0,163971.0,162327.0,162452.0,1151159,1324371,0,0,0.0
20150430,162456.0,162612.0,161112.0,161391.0,1231163,1322109,0,0,0.0
20150504,161364.0,161438.0,160123.0,160330.0,632928,1344732,0,0,0.0
20150505,160180.0,160892.0,159237.0,159485.0,1220081,1375861,0,0,0.0
20150506,159366.0,159605.0,158310.0,158537.0,1301171,1391353,0,0,0.0
20150507,158326.0,159059.0,155982.0,158609.0,1725063,1442312,0,0,0.0
20150508,158975.0,159595.0,158166.0,159392.0,988226,1452209,0,0,0.0
20150511,159397.0,159667.0,157991.0,158743.0,720301,1451969,0,0,0.0
20150512,157883.0,158102.0,156837.0,157620.0,1250570,1438255,0,0,0.0
20150513,157523.0,158771.0,156528.0,157290.0,1032792,1479445,0,0,0.0
20150514,156699.0,157793.0,156569.0,157269.0,709421,1503727,0,0,0.0
20150515,157677.0,158504.0,157599.0,158155.0,668513,1509503,0,0,0.0
20150518,158048.0,158442.0,157836.0,158104.0,566665,1508411,0,0,0.0
20150519,158130.0,159400.0,158083.0,158495.0,988964,1498699,201509,201509,0.0
20150520,158480.0,158998.0,158124.0,158196.0,52824,174347,0,0,-240.0
20150521,158171.0,158493.0,157464.0,158072.0,59408,212179,0,0,0.0
20150522,158058.0,158689.0,158062.0,158495.0,32661,244611,0,0,0.0
20150526,158749.0,159473.0,158578.0,159300.0,77263,252539,0,0,0.0
20150527,159213.0,159669.0,158877.0,159238.0,89375,276799,0,0,0.0
20150528,159440.0,159772.0,159352.0,159434.0,62856,296614,0,0,0.0
20150529,159780.0,160257.0,159600.0,159981.0,146536,315768,0,0,0.0
20150601,159976.0,160340.0,159095.0,159785.0,324916,350038,0,0,0.0
20150602,159388.0,159443.0,157052.0,157464.0,749854,417317,0,0,0.0
20150603,157170.0,157452.0,154648.0,155267.0,1013275,636222,0,0,0.0
20150604,154694.0,156049.0,153575.0,155659.0,1132522,931128,0,0,0.0
20150605,155653.0,155884.0,154565.0,155845.0,961512,1202287,0,0,0.0
20150608,155570.0,156008.0,154988.0,155174.0,549445,1339510,0,0,0.0
20150609,155415.0,155585.0,154060.0,154122.0,759370,1332860,0,0,0.0
20150610,154115.0,154357.0,152915.0,153678.0,1033198,1331947,0,0,0.0
20150611,153733.0,155512.0,153359.0,155132.0,869586,1356619,0,0,0.0
20150612,155662.0,156069.0,154669.0,155802.0,780067,1341722,0,0,0.0
20150615,156147.0,156616.0,155773.0,156039.0,672117,1325457,0,0,0.0
20150616,156209.0,157008.0,156062.0,156204.0,787121,1304776,0,0,0.0
20150617,156508.0,156729.0,156041.0,156204.0,584347,1295921,0,0,0.0
20150618,156848.0,157276.0,155360.0,156245.0,763319,1240769,0,0,0.0
20150619,156198.0,157018.0,156165.0,156833.0,541397,1222363,0,0,0.0
20150622,156528.0,156574.0,155041.0,155100.0,814048,1219760,0,0,0.0
20150623,155094.0,155604.0,154762.0,155440.0,669423,1214039,0,0,0.0
20150624,155414.0,156347.0,155381.0,155842.0,598367,1213786,0,0,0.0
20150625,156084.0,156223.0,155206.0,155625.0,650330,1210820,0,0,0.0
20150626,155785.0,155862.0,154597.0,154924.0,589126,1192455,0,0,0.0
20150629,157332.0,157729.0,155907.0,156554.0,857975,1178120,0,0,0.0
20150630,157198.0,157368.0,156268.0,156791.0,815924,1157453,0,0,0.0
20150701,156796.0,157017.0,155876.0,156337.0,721060,1145338,0,0,0.0
20150702,156043.0,156058.0,155216.0,155801.0,691630,1130121,0,0,0.0
20150706,158003.0,158183.0,156836.0,156967.0,604569,1140279,0,0,0.0
20150707,157302.0,158905.0,157084.0,158752.0,814823,1157331,0,0,0.0
20150708,158282.0,159101.0,157940.0,158051.0,709615,1171298,0,0,0.0
20150709,158014.0,158235.0,157104.0,157463.0,533859,1129069,0,0,0.0
20150710,156879.0,156884.0,155092.0,155452.0,845961,1100303,0,0,0.0
20150713,155961.0,156110.0,154215.0,155885.0,720873,1106529,0,0,0.0
20150714,155858.0,156533.0,155711.0,156153.0,481850,1117058,0,0,0.0
20150715,156240.0,157503.0,156082.0,156999.0,608202,1104398,0,0,0.0
20150716,157096.0,157348.0,156402.0,156865.0,575409,1112745,0,0,0.0
20150717,157013.0,157699.0,157031.0,157463.0,423860,1124977,0,0,0.0
20150720,157446.0,158163.0,157237.0,157721.0,410866,1141483,0,0,0.0
20150721,157817.0,158153.0,157320.0,157566.0,465064,1142731,0,0,0.0
20150722,157817.0,158132.0,157495.0,158041.0,397214,1142000,0,0,0.0
20150723,157961.0,158297.0,157856.0,157958.0,384258,1146623,0,0,0.0
20150724,158281.0,158792.0,158196.0,158701.0,431994,1151420,0,0,0.0
20150727,158797.0,159071.0,158547.0,158753.0,394083,1124377,0,0,0.0
20150728,158725.0,158782.0,158124.0,158691.0,435610,1117230,0,0,0.0
20150729,158673.0,158772.0,158196.0,158454.0,346108,1127661,0,0,0.0
20150730,158281.0,159370.0,158248.0,159238.0,528389,1135741,0,0,0.0
20150731,159282.0,159360.0,158527.0,159269.0,668874,1148731,0,0,0.0
20150803,159251.0,159835.0,158960.0,159444.0,344874,1150603,0,0,0.0
20150804,159488.0,159979.0,159032.0,159434.0,479366,1140622,0,0,0.0
20150805,159055.0,159236.0,157742.0,158176.0,656741,1149754,0,0,0.0
20150806,158137.0,158803.0,158062.0,158558.0,494946,1151002,0,0,0.0
20150807,158611.0,159422.0,158423.0,159301.0,409466,1170772,0,0,0.0
20150810,159292.0,159319.0,158722.0,158796.0,274055,1175590,0,0,0.0
20150811,159086.0,159876.0,159011.0,159828.0,497060,1174959,0,0,0.0
20150812,160128.0,160381.0,159702.0,160189.0,630362,1192236,0,0,0.0
20150813,159654.0,160020.0,159423.0,159807.0,463769,1183663,0,0,0.0
20150814,159850.0,160041.0,159423.0,159539.0,342037,1180878,0,0,0.0
20150817,159654.0,159979.0,159402.0,159869.0,347947,1175481,0,0,0.0
20150818,159871.0,160175.0,159454.0,159704.0,420899,1181471,0,0,0.0
20150819,159716.0,160443.0,159433.0,159807.0,446107,1181317,201512,201512,0.0
20150820,160345.0,160618.0,160114.0,160467.0,28443,98510,0,0,300.0
20150821,160767.0,160834.0,160320.0,160498.0,6985,106052,0,0,0.0
20150824,160952.0,161472.0,160042.0,160601.0,38639,108479,0,0,0.0
20150825,160242.0,160278.0,158075.0,158295.0,55249,117404,0,0,0.0
20150826,158327.0,159310.0,158229.0,159005.0,61787,132049,0,0,0.0
20150827,158687.0,158857.0,158342.0,158470.0,18126,142831,0,0,0.0
20150828,158563.0,159125.0,158208.0,158583.0,26990,146621,0,0,0.0
20150831,158388.0,158723.0,157292.0,157728.0,59082,156518,0,0,0.0
20150901,157544.0,158054.0,157271.0,157563.0,333972,179178,0,0,0.0
20150902,157647.0,157982.0,157374.0,157748.0,575392,261304,0,0,0.0
20150903,157750.0,158775.0,157662.0,158551.0,663489,490774,0,0,0.0
20150904,158975.0,159835.0,158825.0,159467.0,862711,728764,0,0,0.0
20150908,159438.0,159588.0,159093.0,159333.0,489897,1070861,0,0,0.0
20150909,159036.0,159526.0,158877.0,159055.0,548036,1091296,0,0,0.0
20150910,159427.0,159650.0,159114.0,159302.0,480269,1107293,0,0,0.0
20150911,159376.0,159897.0,159279.0,159837.0,415944,1114877,0,0,0.0
20150914,159778.0,160103.0,159588.0,159868.0,342085,1118840,0,0,0.0
20150915,159871.0,159928.0,158322.0,158663.0,656786,1110739,0,0,0.0
20150916,158461.0,158775.0,158044.0,158303.0,716704,1106117,0,0,0.0
20150917,158255.0,159269.0,158137.0,158241.0,453936,1102143,0,0,0.0
20150918,159326.0,160031.0,159228.0,159682.0,736018,1093733,0,0,0.0
20150921,159851.0,159907.0,159331.0,159425.0,419835,1134142,0,0,0.0
20150922,159542.0,160803.0,159475.0,160671.0,717876,1115101,0,0,0.0
20150923,160808.0,160875.0,160319.0,160527.0,495245,1146529,0,0,0.0
20150924,160654.0,161071.0,160360.0,160805.0,697699,1147723,0,0,0.0
20150925,160345.0,160422.0,159722.0,160023.0,620298,1154418,0,0,0.0
20150928,160304.0,160906.0,160021.0,160651.0,534340,1141291,0,0,0.0
20150929,160973.0,161153.0,160474.0,160785.0,637692,1155580,0,0,0.0
20150930,160726.0,160906.0,160464.0,160806.0,590228,1155898,0,0,0.0
20151001,160716.0,161596.0,160557.0,161403.0,730435,1147008,0,0,0.0
20151002,161241.0,162327.0,161072.0,161887.0,751889,1168615,0,0,0.0
20151005,161766.0,161874.0,161072.0,161135.0,503816,1156044,0,0,0.0
20151006,161241.0,161308.0,160526.0,160795.0,615402,1156375,0,0,0.0
20151007,160716.0,160927.0,160351.0,160785.0,615487,1162966,0,0,0.0
20151008,161066.0,161390.0,160619.0,160939.0,524385,1159269,0,0,0.0
20151009,160767.0,160886.0,160382.0,160527.0,473355,1167214,0,0,0.0
20151013,161035.0,161339.0,160722.0,160795.0,536125,1168997,0,0,0.0
20151014,161014.0,161648.0,161031.0,161516.0,561794,1157827,0,0,0.0
20151015,161477.0,161761.0,161288.0,161382.0,476774,1178906,0,0,0.0
20151016,161323.0,161751.0,161329.0,161547.0,403364,1212241,0,0,0.0
20151019,161426.0,161555.0,161082.0,161269.0,446535,1191806,0,0,0.0
20151020,161436.0,161514.0,160320.0,160517.0,702411,1181555,0,0,0.0
20151021,160355.0,161318.0,160330.0,161217.0,567360,1161239,0,0,0.0
20151022,161261.0,162378.0,161051.0,162123.0,676006,1177655,0,0,0.0
20151023,162167.0,162450.0,161864.0,162113.0,585486,1231641,0,0,0.0
20151026,162085.0,162388.0,162060.0,162247.0,344427,1223557,0,0,0.0
20151027,162260.0,163057.0,162266.0,163029.0,556810,1234681,0,0,0.0
20151028,162929.0,163283.0,162595.0,163019.0,592808,1227163,0,0,0.0
20151029,162692.0,162912.0,161637.0,161742.0,740374,1246443,0,0,0.0
20151030,161848.0,162212.0,161606.0,161855.0,637663,1233642,0,0,0.0
20151102,162074.0,162088.0,161132.0,161309.0,600090,1214211,0,0,0.0
20151103,161395.0,161707.0,161060.0,161227.0,495363,1202441,0,0,0.0
20151104,161230.0,161573.0,160833.0,160959.0,649956,1204743,0,0,0.0
20151105,161055.0,161244.0,160730.0,160897.0,720787,1213673,0,0,0.0
20151106,160993.0,161131.0,159618.0,159765.0,881780,1209493,0,0,0.0
20151109,159737.0,160276.0,159391.0,160012.0,813551,1230992,0,0,0.0
20151110,160283.0,160822.0,160060.0,160681.0,714823,1211429,0,0,0.0
20151112,160860.0,161234.0,160791.0,160949.0,564241,1234553,0,0,0.0
20151113,160942.0,161728.0,160945.0,161556.0,604438,1205791,0,0,0.0
20151116,161930.0,162037.0,161419.0,161958.0,572723,1206562,0,0,0.0
20151117,161889.0,162377.0,161831.0,161979.0,512932,1219822,0,0,0.0
20151118,162249.0,162511.0,161996.0,162350.0,608228,1238659,0,0,0.0
20151119,162434.0,162768.0,162305.0,162690.0,584671,1257261,201603,201603,0.0
20151120,162619.0,162892.0,162501.0,162721.0,22037,115296,0,0,1850.0
20151123,162558.0,162638.0,161748.0,161927.0,43854,130251,0,0,0.0
20151124,162192.0,162638.0,162074.0,162426.0,27837,154656,0,0,0.0
20151125,162294.0,163004.0,162186.0,162925.0,37602,164134,0,0,0.0
20151127,163088.0,163492.0,162990.0,163271.0,50518,177215,0,0,0.0
20151130,163129.0,163197.0,162807.0,162935.0,93208,188368,0,0,0.0
20151201,162844.0,163217.0,162268.0,163108.0,318286,216314,0,0,0.0
20151202,163078.0,163359.0,162818.0,163047.0,618716,317747,0,0,0.0
20151203,162915.0,163217.0,159439.0,160472.0,827175,585363,0,0,0.0
20151204,159771.0,160520.0,159185.0,159984.0,935596,797002,0,0,0.0
20151207,159964.0,161477.0,159908.0,161307.0,847352,1001335,0,0,0.0
20151208,161175.0,161742.0,161027.0,161490.0,531866,1125107,0,0,0.0
20151209,161531.0,161630.0,160925.0,161052.0,508016,1119921,0,0,0.0
20151210,161338.0,161772.0,161159.0,161571.0,440376,1115698,0,0,0.0
20151211,161358.0,162169.0,161363.0,161988.0,462028,1123360,0,0,0.0
20151214,161857.0,162016.0,161312.0,161530.0,549568,1134447,0,0,0.0
20151215,161440.0,161507.0,160111.0,160268.0,723023,1126477,0,0,0.0
20151216,160422.0,160734.0,159551.0,160095.0,466285,1126788,0,0,0.0
20151217,160381.0,161294.0,160294.0,161123.0,551669,1113580,0,0,0.0
20151218,161368.0,162006.0,161301.0,161815.0,436130,1107091,0,0,0.0
20151221,161806.0,162087.0,161372.0,161825.0,277409,1129586,0,0,0.0
20151222,161755.0,161883.0,161057.0,161092.0,307792,1121674,0,0,0.0
20151223,161195.0,161354.0,160599.0,160624.0,215151,1117484,0,0,0.0
20151228,160778.0,161802.0,160670.0,161693.0,171648,1115034,0,0,0.0
20151229,161551.0,161680.0,160304.0,160665.0,275441,1118609,0,0,0.0
20151230,160472.0,161008.0,160436.0,160706.0,256671,1109233,0,0,0.0
20160104,161174.0,161751.0,161128.0,161591.0,452963,1099798,0,0,0.0
20160105,161255.0,162056.0,161250.0,161856.0,501288,1114456,0,0,0.0
20160106,161998.0,162738.0,161983.0,162507.0,504837,1136456,0,0,0.0
20160107,162761.0,163013.0,161851.0,161988.0,779519,1149039,0,0,0.0
20160108,162100.0,162667.0,161882.0,162476.0,549424,1146448,0,0,0.0
20160111,162578.0,162616.0,161963.0,162161.0,524358,1157115,0,0,0.0
20160112,162161.0,162484.0,161505.0,162202.0,721682,1153067,0,0,0.0
20160113,162141.0,162942.0,161932.0,162589.0,729316,1149546,0,0,0.0
20160114,162711.0,163156.0,162349.0,162528.0,764449,1168307,0,0,0.0
20160115,162772.0,163349.0,162654.0,163220.0,755905,1169576,0,0,0.0
20160119,162976.0,163207.0,162695.0,162996.0,575906,1174188,0,0,0.0
20160120,163373.0,164184.0,163387.0,163973.0,947225,1157980,0,0,0.0
20160121,163709.0,164795.0,163652.0,164370.0,786828,1180192,0,0,0.0
20160122,164289.0,164459.0,163866.0,164156.0,629137,1204462,0,0,0.0
20160125,164014.0,164398.0,163978.0,164268.0,438486,1178705,0,0,0.0
20160126,164574.0,164886.0,164405.0,164685.0,658061,1175627,0,0,0.0
20160127,164767.0,165110.0,164466.0,164726.0,631774,1197470,0,0,0.0
20160128,164971.0,165588.0,164781.0,165235.0,810748,1199402,0,0,0.0
20160129,165632.0,166402.0,165575.0,166232.0,948957,1169532,0,0,0.0
20160201,166324.0,166667.0,165758.0,165845.0,706484,1206487,0,0,0.0
20160202,166151.0,166647.0,166043.0,166344.0,715645,1203938,0,0,0.0
20160203,166599.0,167115.0,166165.0,166924.0,867950,1206517,0,0,0.0
20160204,166609.0,166759.0,166134.0,166405.0,817647,1211463,0,0,0.0
20160205,166680.0,166922.0,166195.0,166507.0,712455,1217984,0,0,0.0
20160208,166660.0,167970.0,166612.0,167749.0,873856,1215131,0,0,0.0
20160209,168034.0,168143.0,166999.0,167535.0,1028963,1250466,0,0,0.0
20160210,167607.0,167685.0,167040.0,167382.0,724607,1194175,0,0,0.0
20160211,167780.0,169089.0,167773.0,168512.0,1080960,1215814,0,0,0.0
20160212,167861.0,168132.0,167050.0,167291.0,715804,1212372,0,0,0.0
20160216,167383.0,167582.0,166958.0,167250.0,694807,1205026,0,0,0.0
20160217,167454.0,167541.0,166917.0,167087.0,656446,1211520,0,0,0.0
20160218,167271.0,168111.0,167141.0,167932.0,674525,1219051,201606,201606,0.0
20160219,168004.0,168345.0,167752.0,168064.0,27050,64269,0,0,-2590.0
20160222,167901.0,168438.0,167793.0,168395.0,28864,73543,0,0,0.0
20160223,168325.0,168417.0,167638.0,168323.0,35050,96743,0,0,0.0
20160224,168470.0,169110.0,168413.0,168871.0,42614,121125,0,0,0.0
20160225,168615.0,169141.0,168506.0,169036.0,16407,150558,0,0,0.0
20160226,168966.0,169017.0,168692.0,168850.0,19131,157710,0,0,0.0
20160229,168976.0,169544.0,168857.0,169501.0,83083,168989,0,0,0.0
20160301,169483.0,169492.0,168702.0,168901.0,216958,226402,0,0,0.0
20160302,168666.0,168696.0,167916.0,168064.0,485323,317613,0,0,0.0
20160303,167942.0,168717.0,167606.0,168478.0,627286,507955,0,0,0.0
20160304,168614.0,168614.0,167606.0,167713.0,689319,782727,0,0,0.0
20160307,167963.0,168263.0,167823.0,168065.0,859174,991205,0,0,0.0
20160308,168097.0,168811.0,168102.0,168696.0,728582,1181567,0,0,0.0
20160309,168252.0,168325.0,167430.0,167703.0,638887,1208862,0,0,0.0
20160310,167642.0,168925.0,166262.0,166617.0,1170334,1204927,0,0,0.0
20160311,166753.0,167436.0,166489.0,167124.0,667399,1207221,0,0,0.0
20160314,167187.0,167705.0,166727.0,167114.0,537492,1204549,0,0,0.0
20160315,166887.0,167250.0,166479.0,166628.0,581601,1209784,0,0,0.0
20160316,166660.0,167271.0,166551.0,166969.0,672951,1199295,0,0,0.0
20160317,167425.0,167964.0,167368.0,167817.0,673964,1220067,0,0,0.0
20160318,167983.0,168315.0,167833.0,167941.0,463333,1212536,0,0,0.0
20160321,168097.0,168511.0,167688.0,167920.0,546618,1212298,0,0,0.0
20160322,167963.0,168563.0,167802.0,168044.0,594136,1204800,0,0,0.0
20160323,167787.0,168439.0,167719.0,168240.0,499144,1195598,0,0,0.0
20160324,168459.0,168853.0,168339.0,168529.0,434316,1194924,0,0,0.0
20160329,168614.0,169370.0,168597.0,169067.0,459482,1216496,0,0,0.0
20160330,169203.0,169380.0,168659.0,168788.0,540365,1215598,0,0,0.0
20160331,169120.0,169173.0,168556.0,168850.0,590955,1199194,0,0,0.0
20160401,168955.0,169338.0,168773.0,169046.0,554370,1216782,0,0,0.0
20160404,169420.0,169472.0,168969.0,169273.0,450582,1229688,0,0,0.0
20160405,169430.0,169989.0,169424.0,169749.0,689531,1229472,0,0,0.0
20160406,169647.0,169834.0,169269.0,169449.0,617477,1258008,0,0,0.0
20160407,169544.0,169989.0,169372.0,169935.0,662487,1279197,0,0,0.0
20160408,169730.0,169948.0,169610.0,169759.0,409244,1305284,0,0,0.0
20160411,169957.0,170165.0,169289.0,169594.0,635439,1312347,0,0,0.0
20160412,169554.0,169565.0,168772.0,168974.0,811361,1318718,0,0,0.0
20160413,168768.0,169503.0,168689.0,169284.0,649921,1315890,0,0,0.0
20160414,169399.0,169524.0,168699.0,169026.0,659501,1345817,0,0,0.0
20160415,168861.0,169545.0,168802.0,169429.0,471150,1329867,0,0,0.0
20160418,169636.0,169721.0,168895.0,169015.0,589300,1325029,0,0,0.0
20160419,168923.0,169132.0,168616.0,168767.0,658310,1335619,0,0,0.0
20160420,169047.0,169277.0,168719.0,169222.0,551670,1343346,0,0,0.0
20160421,168737.0,168863.0,167830.0,167992.0,984561,1351666,0,0,0.0
20160422,168065.0,168181.0,167840.0,167992.0,550979,1361260,0,0,0.0
20160425,168199.0,168305.0,167385.0,167672.0,722562,1370489,0,0,0.0
20160426,167703.0,167798.0,166930.0,167103.0,733116,1382310,0,0,0.0
20160427,167114.0,167633.0,167002.0,167330.0,614207,1375457,0,0,0.0
20160428,167765.0,168295.0,167705.0,167857.0,829153,1343655,0,0,0.0
20160429,167941.0,168099.0,167043.0,167361.0,868168,1353976,0,0,0.0
20160502,167527.0,167892.0,167322.0,167340.0,299158,1362432,0,0,0.0
20160503,167506.0,168636.0,167384.0,168550.0,830401,1355000,0,0,0.0
20160504,168405.0,168605.0,168180.0,168498.0,736786,1353698,0,0,0.0
20160505,168498.0,169401.0,168242.0,169036.0,546274,1357096,0,0,0.0
20160506,169335.0,169473.0,168955.0,169367.0,597664,1361198,0,0,0.0
20160509,169046.0,169690.0,169038.0,169605.0,610386,1361198,0,0,0.0
20160510,169594.0,169917.0,169410.0,169822.0,674337,1412880,0,0,0.0
20160511,169811.0,169907.0,169524.0,169739.0,562603,1384880,0,0,0.0
20160512,169749.0,170052.0,169162.0,169367.0,737585,1331263,0,0,0.0
20160513,169491.0,169856.0,169307.0,169750.0,520184,1332774,0,0,0.0
20160516,169832.0,169835.0,169297.0,169471.0,311410,1349315,0,0,0.0
20160517,169356.0,169721.0,169028.0,169709.0,595706,1334696,0,0,0.0
20160518,169449.0,169504.0,168687.0,169171.0,714864,1352070,0,0,0.0
20160519,168725.0,169246.0,168584.0,169150.0,743616,1338693,201609,201609,0.0
20160520,169190.0,169194.0,168873.0,169016.0,16945,158253,0,0,-940.0
20160523,169096.0,169527.0,168821.0,168881.0,24565,165690,0,0,0.0
