Date,Open,High,Low,Close,Volume,OI,P,R,RINFO
20140519,129300.0,130570.0,128950.0,129380.0,121334,143192,0,0,0.0
20140520,129300.0,129720.0,128600.0,129460.0,156637,138357,0,0,0.0
20140521,129420.0,129630.0,128290.0,128810.0,151037,129855,201408,201408,0.0
20140522,129200.0,130400.0,129040.0,129510.0,153749,159005,0,0,10.0
20140523,129430.0,129580.0,128660.0,129180.0,233419,175399,0,0,0.0
20140527,129420.0,129460.0,126330.0,126560.0,351192,199810,0,0,0.0
20140528,126390.0,126740.0,125600.0,125960.0,315282,224692,0,0,0.0
20140529,125880.0,126140.0,125130.0,125700.0,186421,242764,0,0,0.0
20140530,125580.0,126050.0,124210.0,124590.0,145733,246356,0,0,0.0
20140602,125040.0,125090.0,124100.0,124390.0,95593,249391,0,0,0.0
20140603,124400.0,124780.0,124010.0,124440.0,92361,250061,0,0,0.0
20140604,124480.0,124940.0,124270.0,124420.0,80368,252124,0,0,0.0
20140605,124420.0,125780.0,124110.0,125320.0,129522,249276,0,0,0.0
20140606,125360.0,125810.0,124560.0,125240.0,118078,252018,0,0,0.0
20140609,125290.0,125720.0,125150.0,125380.0,57779,251307,0,0,0.0
20140610,125260.0,126370.0,125000.0,126000.0,130044,249699,0,0,0.0
20140611,126020.0,126540.0,125780.0,126110.0,81798,249355,0,0,0.0
20140612,126100.0,127500.0,125990.0,127390.0,120582,251278,0,0,0.0
20140613,127330.0,127800.0,127080.0,127400.0,87034,249165,0,0,0.0
20140616,127670.0,128500.0,127040.0,127520.0,101463,248682,0,0,0.0
20140617,127170.0,127340.0,125790.0,127190.0,116630,249672,0,0,0.0
20140618,127200.0,127910.0,126640.0,127260.0,89610,250596,0,0,0.0
20140619,127810.0,132190.0,127610.0,131400.0,245499,257124,0,0,0.0
20140620,132020.0,132240.0,130700.0,131650.0,172822,256218,0,0,0.0
20140623,131480.0,131910.0,131030.0,131830.0,125001,253112,0,0,0.0
20140624,131800.0,132650.0,131440.0,132120.0,127692,254362,0,0,0.0
20140625,131880.0,132550.0,130530.0,132250.0,148679,255184,0,0,0.0
20140626,131860.0,132050.0,130670.0,131690.0,141370,255792,0,0,0.0
20140627,131700.0,132300.0,131310.0,131990.0,111100,257015,0,0,0.0
20140630,131670.0,133030.0,131090.0,132190.0,134469,256718,0,0,0.0
20140701,132740.0,133480.0,132390.0,132650.0,127996,255735,0,0,0.0
20140702,132700.0,133310.0,132200.0,133080.0,125240,255925,0,0,0.0
20140703,132830.0,132890.0,130930.0,132050.0,165706,253003,0,0,0.0
20140707,132130.0,132400.0,131200.0,131690.0,125688,252380,0,0,0.0
20140708,132070.0,132560.0,131420.0,131640.0,163994,241379,0,0,0.0
20140709,132030.0,133330.0,131860.0,132420.0,214930,227405,0,0,0.0
20140710,132490.0,134670.0,132490.0,133910.0,219060,220001,0,0,0.0
20140711,133640.0,134030.0,133450.0,133730.0,121249,205748,0,0,0.0
20140714,133940.0,134080.0,130210.0,130660.0,240101,188701,0,0,0.0
20140715,130900.0,131430.0,129250.0,129700.0,203408,172942,0,0,0.0
20140716,129510.0,130410.0,129340.0,129970.0,147394,162395,0,0,0.0
20140717,130020.0,132580.0,129800.0,131680.0,195515,159468,0,0,0.0
20140718,131900.0,132540.0,130490.0,130930.0,144361,145954,0,0,0.0
20140721,131120.0,131890.0,130780.0,131380.0,105546,137000,201410,201410,0.0
20140722,131230.0,131560.0,130200.0,130610.0,144515,19778,0,0,90.0
20140723,130850.0,131130.0,130370.0,130460.0,108431,19891,0,0,0.0
20140724,130420.0,130500.0,128741.0,129071.0,217582,20305,0,0,0.0
20140725,129431.0,130870.0,129121.0,130330.0,178471,20660,0,0,0.0
20140728,130850.0,130920.0,130180.0,130360.0,354549,22682,0,0,0.0
20140729,130410.0,131210.0,129590.0,129840.0,354499,22320,0,0,0.0
20140730,129910.0,130301.0,129120.0,129490.0,176697,22710,0,0,0.0
20140731,129500.0,129681.0,127961.0,128091.0,158284,22911,0,0,0.0
20140801,128261.0,129631.0,127951.0,129310.0,153864,22066,0,0,0.0
20140804,129390.0,129451.0,128541.0,128730.0,77962,22888,0,0,0.0
20140805,128750.0,129331.0,128161.0,128360.0,115740,24213,0,0,0.0
20140806,128710.0,130920.0,128691.0,130638.0,175133,25549,0,0,0.0
20140807,130529.0,131450.0,130130.0,131058.0,137163,26403,0,0,0.0
20140808,131268.0,132209.0,130400.0,130908.0,166617,25664,0,0,0.0
20140811,130898.0,131090.0,130460.0,130868.0,71218,25693,0,0,0.0
20140812,130728.0,131730.0,130510.0,130878.0,111700,23808,0,0,0.0
20140813,130758.0,131440.0,130430.0,131268.0,105303,23457,0,0,0.0
20140814,131178.0,131980.0,130840.0,131388.0,110086,23742,0,0,0.0
20140815,131178.0,131460.0,129141.0,130439.0,203490,23939,0,0,0.0
20140818,130369.0,130371.0,129481.0,129750.0,80830,23626,0,0,0.0
20140819,129769.0,130181.0,129311.0,129490.0,84231,23281,0,0,0.0
20140820,129429.0,129701.0,128671.0,129330.0,90375,22983,0,0,0.0
20140821,129009.0,129022.0,127162.0,127352.0,154384,23432,0,0,0.0
20140822,127640.0,128193.0,127302.0,127832.0,96236,23324,0,0,0.0
20140825,127830.0,127983.0,127312.0,127702.0,57562,23633,0,0,0.0
20140826,127410.0,128962.0,127382.0,128332.0,110224,23498,0,0,0.0
20140827,127990.0,128632.0,127932.0,128152.0,79138,22203,0,0,0.0
20140828,128190.0,129541.0,128132.0,128851.0,118834,22409,0,0,0.0
20140829,128879.0,129051.0,128242.0,128551.0,81646,22342,0,0,0.0
20140902,128659.0,128901.0,126154.0,126333.0,81646,22342,0,0,0.0
20140903,126511.0,127032.0,126024.0,126843.0,120408,20845,0,0,0.0
20140904,126801.0,127701.0,125964.0,126463.0,164891,20414,0,0,0.0
20140905,125992.0,127261.0,125654.0,126533.0,116401,20391,0,0,0.0
20140908,126751.0,127021.0,125014.0,125224.0,129649,20105,0,0,0.0
20140909,125482.0,125652.0,124624.0,124634.0,143575,19062,0,0,0.0
20140910,125332.0,125612.0,124254.0,124314.0,151932,18647,0,0,0.0
20140911,124832.0,124863.0,123355.0,123694.0,171655,18499,0,0,0.0
20140912,123893.0,124024.0,122616.0,122945.0,151330,18469,0,0,0.0
20140915,122654.0,123704.0,122436.0,123315.0,108797,19977,0,0,0.0
20140916,123204.0,124124.0,123076.0,123475.0,133281,19843,0,0,0.0
20140917,123314.0,123814.0,122017.0,123395.0,138434,19159,0,0,0.0
20140918,122095.0,122635.0,121477.0,122496.0,157234,18973,0,0,0.0
20140919,122485.0,122675.0,121257.0,121457.0,179752,18576,201412,201412,0.0
20140922,121456.0,121916.0,120697.0,121607.0,143936,273071,0,0,90.0
20140923,121306.0,123514.0,121286.0,122016.0,166236,272803,0,0,0.0
20140924,122135.0,122486.0,121436.0,121766.0,139530,272343,0,0,0.0
20140925,121546.0,122346.0,120477.0,122006.0,200862,273450,0,0,0.0
20140926,122025.0,123085.0,121096.0,121357.0,175276,277136,0,0,0.0
20140929,121725.0,122206.0,121346.0,121696.0,115995,277878,0,0,0.0
20140930,121386.0,121886.0,120248.0,120977.0,191031,278219,0,0,0.0
20141001,120757.0,121816.0,120318.0,121366.0,151873,278900,0,0,0.0
20141002,121156.0,122215.0,120727.0,121326.0,153815,277500,0,0,0.0
20141003,121206.0,121386.0,118850.0,119109.0,191981,282004,0,0,0.0
20141006,119019.0,120807.0,118151.0,120547.0,152506,277408,0,0,0.0
20141007,120597.0,121226.0,120118.0,121056.0,149644,275548,0,0,0.0
20141008,120797.0,122264.0,120328.0,120417.0,203784,279467,0,0,0.0
20141009,121925.0,123213.0,121746.0,122344.0,171353,281137,0,0,0.0
20141010,122215.0,122384.0,121576.0,121985.0,127738,276986,0,0,0.0
20141013,122295.0,123612.0,122175.0,122814.0,126738,286219,0,0,0.0
20141014,123543.0,123672.0,122924.0,123243.0,115651,285881,0,0,0.0
20141015,123144.0,124840.0,122015.0,124291.0,272753,290954,0,0,0.0
20141016,124033.0,124371.0,123333.0,123932.0,184412,290059,0,0,0.0
20141017,123763.0,124022.0,123013.0,123712.0,125450,288313,0,0,0.0
20141020,123723.0,124741.0,123303.0,124281.0,100759,291069,0,0,0.0
20141021,124492.0,125370.0,124381.0,124980.0,173210,287118,0,0,0.0
20141022,124702.0,124831.0,123882.0,124361.0,123886,282684,0,0,0.0
20141023,123983.0,124302.0,122444.0,122723.0,151856,278938,0,0,0.0
20141024,123164.0,123284.0,122684.0,122993.0,106554,276544,0,0,0.0
20141027,122874.0,123024.0,122335.0,122743.0,96463,275379,0,0,0.0
20141028,122395.0,123363.0,122035.0,122753.0,131104,272037,0,0,0.0
20141029,122595.0,122854.0,120637.0,122304.0,140530,275404,0,0,0.0
20141030,120938.0,121466.0,119369.0,119678.0,225929,273348,0,0,0.0
20141031,119770.0,120058.0,115874.0,116982.0,325719,268114,0,0,0.0
20141103,116934.0,117162.0,115924.0,116802.0,150134,265100,0,0,0.0
20141104,116285.0,117322.0,116164.0,116592.0,141670,264278,0,0,0.0
20141105,116664.0,116753.0,113538.0,114395.0,290683,254366,0,0,0.0
20141106,113908.0,114726.0,113548.0,114085.0,192719,254633,0,0,0.0
20141107,113948.0,117721.0,112869.0,116801.0,328098,259840,0,0,0.0
20141110,117503.0,117571.0,114497.0,115803.0,233196,254006,0,0,0.0
20141111,114977.0,117072.0,114377.0,116123.0,219341,246126,0,0,0.0
20141112,116125.0,116762.0,115475.0,115734.0,240400,227675,0,0,0.0
20141113,115935.0,116562.0,115126.0,115974.0,233750,219003,0,0,0.0
20141114,116005.0,119108.0,114427.0,118380.0,331205,213140,0,0,0.0
20141117,118371.0,119178.0,117902.0,118170.0,239764,204689,0,0,0.0
20141118,118381.0,120226.0,118092.0,119528.0,203910,196083,0,0,0.0
20141119,119469.0,119986.0,117213.0,119208.0,315371,176347,0,0,0.0
20141120,118131.0,119477.0,117443.0,118908.0,227000,162509,201502,201502,0.0
20141121,119219.0,120565.0,118422.0,119587.0,244086,202220,0,0,70.0
20141124,119818.0,120196.0,119031.0,119407.0,242828,224562,0,0,0.0
20141125,119569.0,120046.0,118752.0,119527.0,361667,224802,0,0,0.0
20141126,119908.0,119906.0,119211.0,119497.0,208756,236754,0,0,0.0
20141128,119529.0,119676.0,116147.0,117302.0,273164,238915,0,0,0.0
20141201,115697.0,121841.0,113932.0,121553.0,370132,236278,0,0,0.0
20141202,121006.0,121003.0,118892.0,119687.0,180047,232811,0,0,0.0
20141203,119509.0,121242.0,119102.0,120615.0,152731,235749,0,0,0.0
20141204,120677.0,121092.0,119860.0,120515.0,122806,233468,0,0,0.0
20141205,120338.0,120593.0,118393.0,118789.0,166645,234103,0,0,0.0
20141208,118871.0,120673.0,118483.0,119238.0,117879,230922,0,0,0.0
20141209,120128.0,123637.0,119700.0,122940.0,254496,237167,0,0,0.0
20141210,122862.0,123627.0,122265.0,122681.0,151890,233726,0,0,0.0
20141211,122363.0,123078.0,121387.0,122302.0,150603,229702,0,0,0.0
20141212,122533.0,122629.0,121227.0,121993.0,131389,231692,0,0,0.0
20141215,121944.0,122240.0,118882.0,120516.0,157155,231650,0,0,0.0
20141216,119290.0,122130.0,118533.0,119179.0,251474,226492,0,0,0.0
20141217,119280.0,120054.0,117954.0,119199.0,180948,225547,0,0,0.0
20141218,118691.0,121132.0,118603.0,119229.0,146373,223253,0,0,0.0
20141219,119549.0,119895.0,119072.0,119349.0,76551,223967,0,0,0.0
20141222,119349.0,120105.0,116827.0,117732.0,138789,224241,0,0,0.0
20141223,117363.0,118239.0,116997.0,117552.0,111879,224242,0,0,0.0
20141224,117433.0,117870.0,117027.0,117103.0,49028,220568,0,0,0.0
20141226,117273.0,119656.0,117276.0,119278.0,70717,222140,0,0,0.0
20141229,119239.0,119496.0,117615.0,117941.0,156772,217101,0,0,0.0
20141231,119728.0,120135.0,117705.0,118161.0,76336,214569,0,0,0.0
20150102,118151.0,119237.0,116488.0,118371.0,128663,216586,0,0,0.0
20150105,118530.0,120494.0,117536.0,120147.0,159051,218396,0,0,0.0
20150106,120147.0,122071.0,119911.0,121684.0,220267,219873,0,0,0.0
20150107,121644.0,121682.0,120659.0,120816.0,130128,216438,0,0,0.0
20150108,120846.0,121423.0,120170.0,120596.0,148470,202844,0,0,0.0
20150109,120636.0,122141.0,120449.0,121354.0,178507,197479,0,0,0.0
20150112,122043.0,123338.0,121497.0,123020.0,162346,189877,0,0,0.0
20150113,123051.0,124186.0,122485.0,123180.0,209305,184045,0,0,0.0
20150114,122861.0,124196.0,122236.0,123190.0,228954,178496,0,0,0.0
20150115,122711.0,126451.0,122356.0,126214.0,322426,189258,0,0,0.0
20150116,126084.0,127968.0,125260.0,127421.0,252187,184200,0,0,0.0
20150120,127800.0,129445.0,126946.0,129147.0,277963,181669,0,0,0.0
20150121,129257.0,130423.0,128193.0,129097.0,242837,176363,201504,201504,0.0
20150122,129097.0,130493.0,127624.0,129786.0,265586,170197,0,0,110.0
20150123,129865.0,129915.0,128162.0,128978.0,195357,184265,0,0,0.0
20150126,129018.0,129636.0,127285.0,127662.0,240271,212448,0,0,0.0
20150127,127812.0,129476.0,126926.0,128908.0,285810,240029,0,0,0.0
20150128,128969.0,129077.0,127644.0,128340.0,344831,284203,0,0,0.0
20150129,128022.0,128279.0,124842.0,125219.0,325928,289233,0,0,0.0
20150130,125529.0,128159.0,125380.0,127542.0,189019,295256,0,0,0.0
20150202,127922.0,128009.0,126277.0,127313.0,126199,294668,0,0,0.0
20150203,127184.0,128268.0,125210.0,125658.0,194199,291548,0,0,0.0
20150204,125778.0,126952.0,125320.0,126077.0,119312,287541,0,0,0.0
20150205,126665.0,127082.0,125240.0,125898.0,119489,287457,0,0,0.0
20150206,126266.0,126524.0,122458.0,123096.0,215338,276159,0,0,0.0
20150209,123225.0,123992.0,123076.0,123784.0,101233,269660,0,0,0.0
20150210,123464.0,124221.0,122697.0,122857.0,104456,267480,0,0,0.0
20150211,123045.0,123503.0,121291.0,121601.0,122001,264072,0,0,0.0
20150212,121470.0,122915.0,121441.0,121711.0,122082,259753,0,0,0.0
20150213,121939.0,123124.0,121890.0,122349.0,102297,257281,0,0,0.0
20150217,122388.0,123303.0,119976.0,120504.0,188745,262024,0,0,0.0
20150218,120573.0,120960.0,119368.0,119666.0,130285,261538,0,0,0.0
20150219,120892.0,121927.0,120166.0,120404.0,124572,264019,0,0,0.0
20150220,120443.0,121169.0,119418.0,120135.0,114882,262861,0,0,0.0
20150223,119994.0,120670.0,118710.0,119726.0,123756,265018,0,0,0.0
20150224,119834.0,120082.0,118650.0,119377.0,127547,264156,0,0,0.0
20150225,119724.0,120810.0,119717.0,119796.0,116407,261261,0,0,0.0
20150226,120033.0,121628.0,119986.0,120653.0,151096,257857,0,0,0.0
20150227,120522.0,121558.0,120056.0,120952.0,122057,259681,0,0,0.0
20150302,121021.0,121937.0,120066.0,120463.0,146926,260824,0,0,0.0
20150303,120253.0,121080.0,119109.0,120084.0,173589,257573,0,0,0.0
20150304,120024.0,120482.0,119418.0,119735.0,117124,252739,0,0,0.0
20150305,119665.0,120532.0,119229.0,119266.0,158834,251003,0,0,0.0
20150306,119396.0,119645.0,115949.0,116085.0,238609,251675,0,0,0.0
20150309,116614.0,117093.0,116138.0,116304.0,147442,239160,0,0,0.0
20150310,116215.0,116614.0,115041.0,115666.0,219344,226123,0,0,0.0
20150311,115766.0,116086.0,114313.0,114719.0,176641,217295,0,0,0.0
20150312,115028.0,116226.0,114413.0,114849.0,198848,217548,0,0,0.0
20150313,114918.0,115747.0,114702.0,114899.0,141037,213865,0,0,0.0
20150316,115446.0,115986.0,114592.0,114979.0,152724,209310,0,0,0.0
20150317,115027.0,115587.0,113824.0,114480.0,175288,208779,0,0,0.0
20150318,114469.0,117162.0,114153.0,114789.0,226758,202545,0,0,0.0
20150319,116264.0,117351.0,115519.0,116554.0,204300,203231,201506,201506,0.0
20150320,116693.0,118398.0,116476.0,118139.0,205681,140135,0,0,50.0
20150323,117959.0,118757.0,117542.0,118438.0,217876,162539,0,0,0.0
20150324,118547.0,119106.0,118140.0,118807.0,216779,172275,0,0,0.0
20150325,118896.0,119624.0,118299.0,119395.0,290306,194236,0,0,0.0
20150326,119205.0,121627.0,119076.0,120162.0,372090,217348,0,0,0.0
20150327,120052.0,120252.0,118857.0,119664.0,330941,251907,0,0,0.0
20150330,119454.0,119554.0,117821.0,118129.0,176995,261720,0,0,0.0
20150331,118148.0,118657.0,117422.0,117920.0,125435,262620,0,0,0.0
20150401,117919.0,120461.0,117651.0,120412.0,160247,262398,0,0,0.0
20150402,120022.0,120331.0,119076.0,119684.0,122682,259900,0,0,0.0
20150406,120849.0,122035.0,120850.0,121448.0,115079,264177,0,0,0.0
20150407,121058.0,121178.0,120342.0,120651.0,91250,264589,0,0,0.0
20150408,120460.0,120839.0,119335.0,119904.0,122661,263938,0,0,0.0
20150409,119852.0,119922.0,118837.0,118957.0,115894,263692,0,0,0.0
20150410,118975.0,120650.0,118887.0,120053.0,115894,263692,0,0,0.0
20150413,120310.0,120520.0,119206.0,119525.0,105226,264543,0,0,0.0
20150414,119473.0,119723.0,117950.0,118857.0,153692,263623,0,0,0.0
20150415,118815.0,120032.0,118428.0,119724.0,123923,265828,0,0,0.0
20150416,119772.0,120471.0,119026.0,119395.0,151984,264256,0,0,0.0
20150417,119453.0,120371.0,119295.0,119903.0,107912,264688,0,0,0.0
20150420,120031.0,120491.0,118677.0,118966.0,126703,264542,0,0,0.0
20150421,119174.0,119963.0,118846.0,119903.0,97120,265080,0,0,0.0
20150422,119812.0,120033.0,118099.0,118288.0,146503,261646,0,0,0.0
20150423,118287.0,119335.0,117959.0,119025.0,110608,266726,0,0,0.0
20150424,118895.0,119136.0,117012.0,117102.0,149522,264861,0,0,0.0
20150427,117530.0,120262.0,117361.0,119912.0,195125,273964,0,0,0.0
20150428,119752.0,121079.0,119454.0,120978.0,145628,260457,0,0,0.0
20150429,120729.0,120939.0,119663.0,120589.0,134603,258766,0,0,0.0
20150430,120041.0,120331.0,117201.0,117838.0,196278,253725,0,0,0.0
20150501,117968.0,118039.0,116444.0,117051.0,112452,260388,0,0,0.0
20150504,117260.0,118806.0,117261.0,118277.0,104106,258421,0,0,0.0
20150505,118346.0,119524.0,118088.0,118915.0,105898,250236,0,0,0.0
20150506,118844.0,119285.0,118337.0,118626.0,103539,250236,0,0,0.0
20150507,118724.0,118797.0,117390.0,117819.0,127213,237963,0,0,0.0
20150508,117967.0,118897.0,117649.0,118487.0,134106,227187,0,0,0.0
20150511,118495.0,118688.0,117400.0,117899.0,123351,221660,0,0,0.0
20150512,117847.0,119226.0,117569.0,118836.0,133063,208032,0,0,0.0
20150513,118844.0,121439.0,118635.0,121407.0,225506,198488,0,0,0.0
20150514,121086.0,122356.0,120778.0,122105.0,162990,195953,0,0,0.0
20150515,121674.0,122167.0,120648.0,122115.0,128557,194620,0,0,0.0
20150518,121863.0,122785.0,121704.0,122344.0,112075,192836,0,0,0.0
20150519,122122.0,122137.0,120099.0,120261.0,167820,187705,0,0,0.0
20150520,120358.0,120911.0,119860.0,120460.0,119129,175921,0,0,0.0
20150521,120527.0,120831.0,119671.0,120002.0,116552,163115,201508,201508,0.0
20150522,120188.0,121010.0,119681.0,119982.0,37909,152156,0,0,100.0
20150526,120118.0,120383.0,118058.0,118279.0,91910,163574,0,0,0.0
20150527,118246.0,118630.0,117889.0,118150.0,139297,192742,0,0,0.0
20150528,118296.0,118779.0,117521.0,118379.0,141607,245985,0,0,0.0
20150529,118306.0,118938.0,118099.0,118479.0,97474,257392,0,0,0.0
20150601,118475.0,119964.0,117900.0,118369.0,162133,257964,0,0,0.0
20150602,118445.0,119137.0,118079.0,118937.0,106711,258720,0,0,0.0
20150603,118873.0,119057.0,117412.0,117991.0,117094,261572,0,0,0.0
20150604,118076.0,118161.0,116745.0,117025.0,144559,265427,0,0,0.0
20150605,117150.0,117305.0,115719.0,116318.0,142628,268631,0,0,0.0
20150608,116582.0,117215.0,116356.0,116866.0,100756,270055,0,0,0.0
20150609,116821.0,117733.0,116685.0,117264.0,87429,269770,0,0,0.0
20150610,117080.0,118679.0,116934.0,118160.0,116677,267985,0,0,0.0
20150611,118066.0,118241.0,116984.0,117543.0,101075,267443,0,0,0.0
20150612,117578.0,117873.0,117064.0,117424.0,80500,264561,0,0,0.0
20150615,117498.0,118520.0,116696.0,118081.0,124584,267333,0,0,0.0
20150616,118026.0,118241.0,117045.0,117593.0,93967,266551,0,0,0.0
20150617,117608.0,118380.0,116896.0,117185.0,96054,273644,0,0,0.0
20150618,117917.0,120063.0,117812.0,119694.0,174738,274492,0,0,0.0
20150619,119670.0,119894.0,119296.0,119684.0,79570,273941,0,0,0.0
20150622,119461.0,119575.0,117663.0,117911.0,116780,274752,0,0,0.0
20150623,118027.0,118271.0,117066.0,117164.0,106625,271465,0,0,0.0
20150624,117260.0,117474.0,116319.0,116796.0,110046,278660,0,0,0.0
20150625,116911.0,117235.0,116558.0,116686.0,80598,282525,0,0,0.0
20150626,116752.0,117305.0,116219.0,116825.0,99904,286190,0,0,0.0
20150629,117748.0,118261.0,116826.0,117403.0,136394,286230,0,0,0.0
20150630,117479.0,117504.0,116049.0,116686.0,139830,286114,0,0,0.0
20150701,116742.0,116946.0,116178.0,116437.0,90598,283573,0,0,0.0
20150702,116274.0,116428.0,115093.0,115859.0,136872,285041,0,0,0.0
20150706,116025.0,116946.0,115700.0,116825.0,100581,281148,0,0,0.0
20150707,116383.0,116508.0,114196.0,114774.0,190168,278897,0,0,0.0
20150708,114909.0,115891.0,114106.0,115859.0,159002,279397,0,0,0.0
20150709,115258.0,116200.0,115022.0,115431.0,122563,270287,0,0,0.0
20150710,115377.0,115961.0,115151.0,115302.0,106510,258881,0,0,0.0
20150713,115735.0,115901.0,114494.0,115053.0,118607,248104,0,0,0.0
20150714,115207.0,115423.0,114693.0,114864.0,103814,242796,0,0,0.0
20150715,114898.0,115094.0,113707.0,114257.0,141077,235061,0,0,0.0
20150716,114131.0,114337.0,113578.0,113908.0,118613,236104,0,0,0.0
20150717,113942.0,113969.0,112483.0,112713.0,149622,228539,0,0,0.0
20150720,112757.0,112774.0,107544.0,110214.0,250336,226979,0,0,0.0
20150721,109332.0,110414.0,109127.0,109885.0,163597,214782,201510,201510,0.0
20150722,109541.0,109777.0,108161.0,108720.0,4885,14929,0,0,20.0
20150723,108924.0,110016.0,108191.0,108959.0,8643,15249,0,0,0.0
20150724,108476.0,109638.0,106807.0,108083.0,8607,18139,0,0,0.0
20150727,109402.0,109947.0,108310.0,109178.0,8491,18994,0,0,0.0
20150728,108904.0,109320.0,108599.0,109148.0,7182,19999,0,0,0.0
20150729,108964.0,109619.0,108470.0,108809.0,12075,21821,0,0,0.0
20150730,109034.0,109251.0,107654.0,108361.0,8685,23663,0,0,0.0
20150731,108297.0,109769.0,107435.0,108988.0,7603,25027,0,0,0.0
20150803,108964.0,109221.0,108002.0,108421.0,4491,25194,0,0,0.0
20150804,108028.0,108902.0,107504.0,108550.0,3313,25690,0,0,0.0
20150805,108207.0,108653.0,107693.0,108052.0,5994,26413,0,0,0.0
20150806,107918.0,108832.0,107812.0,108500.0,2512,26713,0,0,0.0
20150807,108416.0,109390.0,107633.0,108898.0,6041,26518,0,0,0.0
20150810,108794.0,110336.0,108400.0,109894.0,5723,25819,0,0,0.0
20150811,109869.0,111362.0,108838.0,110262.0,5424,27270,0,0,0.0
20150812,110307.0,112039.0,109615.0,111835.0,5956,26446,0,0,0.0
20150813,111999.0,112109.0,110800.0,111039.0,4257,26861,0,0,0.0
20150814,110993.0,111512.0,110601.0,110750.0,3742,26628,0,0,0.0
20150817,110824.0,111691.0,110790.0,111317.0,3079,26439,0,0,0.0
20150818,111172.0,111532.0,110352.0,111168.0,3341,26936,0,0,0.0
20150819,111172.0,112886.0,111059.0,112263.0,9697,27025,0,0,0.0
20150820,112755.0,114818.0,112672.0,114772.0,11409,27925,0,0,0.0
20150821,114776.0,116192.0,114305.0,115409.0,6483,27902,0,0,0.0
20150824,115403.0,116401.0,113996.0,114802.0,7105,27826,0,0,0.0
20150825,114965.0,115047.0,112891.0,113289.0,7820,27742,0,0,0.0
20150826,113452.0,114061.0,111169.0,111925.0,9348,27849,0,0,0.0
20150827,111919.0,112309.0,111199.0,111726.0,8187,29638,0,0,0.0
20150828,111909.0,113494.0,111786.0,112851.0,4062,28144,0,0,0.0
20150831,112725.0,113076.0,111985.0,112702.0,2508,27589,0,0,0.0
20150901,112864.0,114181.0,112861.0,113429.0,2957,27465,0,0,0.0
20150902,113342.0,113633.0,112612.0,112812.0,3882,27660,0,0,0.0
20150903,112755.0,112797.0,111557.0,111906.0,2987,26779,0,0,0.0
20150904,111899.0,112707.0,111049.0,111597.0,3136,27257,0,0,0.0
20150908,111720.0,112050.0,110969.0,111577.0,11155,26781,0,0,0.0
20150909,111601.0,111970.0,109535.0,109715.0,10430,26616,0,0,0.0
20150910,110098.0,110895.0,109834.0,110442.0,3766,25528,0,0,0.0
20150911,110586.0,110716.0,109306.0,109845.0,3919,23883,0,0,0.0
20150914,110248.0,110467.0,109764.0,110263.0,4869,22824,0,0,0.0
20150915,110208.0,110328.0,109654.0,109775.0,4240,22118,0,0,0.0
20150916,109999.0,111891.0,109853.0,111408.0,5061,22289,0,0,0.0
20150917,111393.0,113066.0,111008.0,111219.0,5017,20844,0,0,0.0
20150918,112558.0,113663.0,112213.0,113310.0,5656,20505,0,0,0.0
20150921,113394.0,113474.0,112452.0,112812.0,2906,20833,201512,201512,0.0
20150922,112807.0,113165.0,111606.0,112035.0,109509,283672,0,0,-50.0
20150923,111931.0,112956.0,111666.0,112702.0,89262,284860,0,0,0.0
20150924,112549.0,115187.0,112503.0,114923.0,200068,283794,0,0,0.0
20150925,114641.0,114659.0,113559.0,114106.0,134782,293901,0,0,0.0
20150928,114043.0,114330.0,112284.0,112722.0,137003,291933,0,0,0.0
20150929,112688.0,112985.0,111906.0,112234.0,100406,292130,0,0,0.0
20150930,112270.0,112328.0,110641.0,111079.0,148341,290517,0,0,0.0
20151001,111005.0,111412.0,110591.0,110930.0,76984,290540,0,0,0.0
20151002,110806.0,113643.0,109944.0,113211.0,178784,293204,0,0,0.0
20151005,113246.0,113713.0,112514.0,113311.0,110483,294672,0,0,0.0
20151006,113017.0,114649.0,113002.0,114188.0,116671,293946,0,0,0.0
20151007,114192.0,114908.0,113679.0,114417.0,108785,295900,0,0,0.0
20151008,114043.0,114639.0,113141.0,113979.0,116155,295537,0,0,0.0
20151009,113356.0,115476.0,113350.0,115134.0,129925,292020,0,0,0.0
20151012,115039.0,116402.0,114974.0,115991.0,106716,296249,0,0,0.0
20151013,115816.0,116402.0,114675.0,116081.0,130049,295171,0,0,0.0
20151014,116354.0,118524.0,115791.0,117515.0,182083,294952,0,0,0.0
20151015,117928.0,118703.0,116926.0,118282.0,181083,308396,0,0,0.0
20151016,117779.0,118016.0,116966.0,117844.0,102935,313496,0,0,0.0
20151019,117221.0,117359.0,116368.0,116818.0,102967,315191,0,0,0.0
20151020,116594.0,117678.0,116258.0,117286.0,116171,317127,0,0,0.0
20151021,117082.0,117469.0,115860.0,116250.0,115889,320296,0,0,0.0
20151022,116215.0,116722.0,115681.0,116150.0,113495,316089,0,0,0.0
20151023,116125.0,117479.0,115402.0,115821.0,145357,317962,0,0,0.0
20151026,115916.0,116503.0,115741.0,116160.0,79375,316578,0,0,0.0
20151027,115836.0,116423.0,115592.0,116120.0,85314,314357,0,0,0.0
20151028,116205.0,117847.0,114755.0,117146.0,177850,308827,0,0,0.0
20151029,115149.0,115795.0,113968.0,114277.0,142805,311965,0,0,0.0
20151030,114203.0,114530.0,113390.0,113689.0,110040,298145,0,0,0.0
20151102,113675.0,113823.0,112772.0,113141.0,98561,287124,0,0,0.0
20151103,112838.0,113355.0,110919.0,110970.0,144707,280984,0,0,0.0
20151104,111294.0,111791.0,110122.0,110183.0,147311,269748,0,0,0.0
20151105,110238.0,110695.0,109783.0,109984.0,130595,268181,0,0,0.0
20151106,109879.0,110536.0,108020.0,108341.0,183535,257094,0,0,0.0
20151109,108475.0,109062.0,108309.0,108381.0,133427,247319,0,0,0.0
20151110,108644.0,109052.0,107970.0,108421.0,137955,236981,0,0,0.0
20151111,108415.0,108923.0,107890.0,108062.0,158171,226262,0,0,0.0
20151112,108106.0,108475.0,106874.0,107674.0,193512,203253,0,0,0.0
20151113,107917.0,108375.0,107392.0,107664.0,126219,193969,0,0,0.0
20151116,108355.0,109311.0,107621.0,107933.0,146506,191543,0,0,0.0
20151117,107807.0,108086.0,106017.0,106439.0,171466,194026,0,0,0.0
20151118,106592.0,107040.0,105778.0,106449.0,144564,188683,0,0,0.0
20151119,106502.0,108235.0,106405.0,107365.0,169716,173288,201602,201602,0.0
20151120,107538.0,108245.0,107003.0,107146.0,42410,167324,0,0,60.0
20151123,106781.0,107150.0,106057.0,106180.0,67286,190002,0,0,0.0
20151124,106273.0,107568.0,106276.0,106847.0,69317,216843,0,0,0.0
20151125,106990.0,107508.0,106196.0,106489.0,98915,234408,0,0,0.0
20151127,106572.0,106911.0,104683.0,105145.0,175421,263401,0,0,0.0
20151130,105119.0,106433.0,104743.0,106051.0,105076,282623,0,0,0.0
20151201,105975.0,106921.0,105778.0,105872.0,115302,278253,0,0,0.0
20151202,106303.0,106622.0,104464.0,104906.0,117379,280502,0,0,0.0
20151203,104870.0,105975.0,104066.0,105643.0,166626,286874,0,0,0.0
20151204,105716.0,108344.0,105241.0,107923.0,199706,283588,0,0,0.0
20151207,108055.0,108125.0,106017.0,107037.0,104016,77957,0,0,0.0
20151208,106482.0,107358.0,106196.0,107047.0,120295,77957,0,0,0.0
20151209,106940.0,108015.0,106385.0,107166.0,135909,77957,0,0,0.0
20151210,106681.0,107119.0,106395.0,106718.0,95161,77957,0,0,0.0
20151211,106651.0,107428.0,105688.0,107086.0,147088,77957,0,0,0.0
20151214,106810.0,107249.0,105330.0,105862.0,114615,77957,0,0,0.0
20151215,105496.0,106313.0,105260.0,105683.0,109842,77957,0,0,0.0
20151216,105546.0,107309.0,105539.0,107196.0,135844,278288,0,0,0.0
20151217,106731.0,106791.0,104205.0,104488.0,157113,279355,0,0,0.0
20151218,104670.0,106622.0,104524.0,106021.0,115775,285395,0,0,0.0
20151221,106034.0,107657.0,105828.0,107574.0,109395,280730,0,0,0.0
20151222,107308.0,107547.0,106634.0,106927.0,74764,281829,0,0,0.0
20151223,106711.0,107009.0,106276.0,106350.0,64030,283332,0,0,0.0
20151228,107030.0,107168.0,106087.0,106350.0,66151,278009,0,0,0.0
20151229,106343.0,106979.0,106187.0,106320.0,76230,274756,0,0,0.0
20151230,106333.0,106670.0,105371.0,105504.0,90522,275420,0,0,0.0
20151231,105576.0,105794.0,105172.0,105544.0,53272,280974,0,0,0.0
20160104,105666.0,107815.0,105620.0,107037.0,151233,279966,0,0,0.0
20160105,106861.0,107666.0,106705.0,107356.0,99250,272926,0,0,0.0
20160106,107189.0,109000.0,106954.0,108700.0,179581,272995,0,0,0.0
20160107,108871.0,110493.0,108616.0,110283.0,203063,275025,0,0,0.0
20160108,110374.0,110812.0,108686.0,109297.0,183436,271905,0,0,0.0
20160111,109856.0,110334.0,108815.0,109128.0,185771,261337,0,0,0.0
20160112,108900.0,109418.0,107820.0,108033.0,161091,240538,0,0,0.0
20160113,108183.0,109070.0,107452.0,108222.0,146676,227953,0,0,0.0
20160114,108860.0,109050.0,106626.0,106878.0,168364,223200,0,0,0.0
20160115,107427.0,109259.0,107114.0,108580.0,168094,219738,0,0,0.0
20160119,108432.0,108960.0,107721.0,108421.0,154064,211549,0,0,0.0
20160120,108233.0,110493.0,108219.0,110123.0,183164,200960,0,0,0.0
20160121,109587.0,109985.0,108757.0,109327.0,170505,194211,201604,201604,0.0
20160122,109657.0,109836.0,108926.0,109148.0,44058,151220,0,0,-10.0
20160125,109279.0,110463.0,109274.0,110074.0,60292,164515,0,0,0.0
20160126,110444.0,111867.0,110280.0,111567.0,89525,182867,0,0,0.0
20160127,111519.0,112375.0,111027.0,111139.0,124865,206044,0,0,0.0
20160128,112116.0,112146.0,110529.0,111119.0,146072,248055,0,0,0.0
20160129,110981.0,111399.0,110360.0,111149.0,126023,257860,0,0,0.0
20160201,111300.0,112524.0,111037.0,112304.0,109728,261834,0,0,0.0
20160202,112345.0,112653.0,111764.0,112224.0,107444,267790,0,0,0.0
20160203,112435.0,114117.0,111983.0,113628.0,181052,269012,0,0,0.0
20160204,113739.0,115282.0,113466.0,115241.0,168259,276338,0,0,0.0
20160205,115053.0,116984.0,114043.0,115261.0,206063,280451,0,0,0.0
20160208,116875.0,119612.0,115935.0,119263.0,232700,283433,0,0,0.0
20160209,118418.0,119403.0,118066.0,119333.0,180163,296035,0,0,0.0
20160210,118438.0,119284.0,117638.0,118935.0,159103,293593,0,0,0.0
20160211,119215.0,125835.0,119102.0,124232.0,345519,294073,0,0,0.0
20160212,124153.0,124322.0,122746.0,123396.0,177445,302342,0,0,0.0
20160216,123078.0,123087.0,118624.0,120290.0,319892,300352,0,0,0.0
20160217,119653.0,120907.0,119092.0,120609.0,156859,302120,0,0,0.0
20160218,120410.0,123516.0,119600.0,122092.0,173177,301795,0,0,0.0
20160219,122570.0,122988.0,121521.0,122540.0,168415,306818,0,0,0.0
20160222,122142.0,122152.0,119719.0,120479.0,155626,307475,0,0,0.0
20160223,120350.0,122361.0,120227.0,121724.0,175821,302625,0,0,0.0
20160224,122052.0,124880.0,121700.0,123367.0,260422,308792,0,0,0.0
20160225,122341.0,123894.0,121640.0,123337.0,199289,311437,0,0,0.0
20160226,122699.0,123585.0,120664.0,121505.0,210351,302957,0,0,0.0
20160229,121763.0,123635.0,121092.0,122899.0,174484,297448,0,0,0.0
20160301,123336.0,124382.0,122227.0,122541.0,211175,302598,0,0,0.0
20160302,122679.0,123934.0,121968.0,123636.0,175010,299756,0,0,0.0
20160303,123525.0,126373.0,123252.0,125269.0,216716,299666,0,0,0.0
20160304,125894.0,127508.0,124457.0,126514.0,351429,315469,0,0,0.0
20160307,125486.0,126851.0,125184.0,125847.0,208860,313947,0,0,0.0
20160308,126223.0,127339.0,125542.0,125737.0,198376,301376,0,0,0.0
20160309,125656.0,126015.0,123810.0,125189.0,217105,294908,0,0,0.0
20160310,124810.0,126871.0,123203.0,126722.0,294934,276650,0,0,0.0
20160311,126632.0,128215.0,124348.0,125388.0,225924,281676,0,0,0.0
20160314,124531.0,125636.0,122446.0,123964.0,198015,269016,0,0,0.0
20160315,123147.0,123326.0,122058.0,122560.0,169067,253325,0,0,0.0
20160316,122759.0,125925.0,122158.0,122441.0,195631,244484,0,0,0.0
20160317,125636.0,126632.0,124966.0,125946.0,196709,248452,0,0,0.0
20160318,125208.0,126214.0,124289.0,124881.0,152348,252604,0,0,0.0
20160321,124959.0,125119.0,123572.0,123875.0,165130,237867,201606,201606,0.0
20160322,123874.0,125477.0,123691.0,124293.0,55923,206752,0,0,190.0
20160323,124252.0,124403.0,120977.0,121838.0,76676,226920,0,0,0.0
20160324,121479.0,121838.0,120540.0,121629.0,61613,243542,0,0,0.0
20160328,121052.0,121788.0,120053.0,121480.0,85386,268844,0,0,0.0
20160329,121579.0,123786.0,120977.0,123021.0,193572,290338,0,0,0.0
20160330,123557.0,123945.0,121762.0,122136.0,172801,344321,0,0,0.0
20160331,121967.0,123498.0,121782.0,122832.0,117150,355756,0,0,0.0
20160401,122673.0,122991.0,120311.0,121629.0,188179,359425,0,0,0.0
20160404,121570.0,121689.0,120848.0,121211.0,86900,356707,0,0,0.0
20160405,120984.0,123150.0,120878.0,122235.0,148762,355225,0,0,0.0
20160406,122525.0,122653.0,120997.0,121658.0,129032,358168,0,0,0.0
20160407,121670.0,123766.0,121673.0,123020.0,179765,353513,0,0,0.0
20160408,123439.0,123726.0,122369.0,123646.0,128333,365696,0,0,0.0
20160411,123439.0,125346.0,123423.0,125058.0,151279,364138,0,0,0.0
20160412,125228.0,125724.0,124556.0,125346.0,148296,375245,0,0,0.0
20160413,124970.0,125128.0,123403.0,124093.0,150426,379527,0,0,0.0
20160414,123638.0,123856.0,121812.0,121926.0,196567,374821,0,0,0.0
20160415,122117.0,123031.0,121951.0,122731.0,115585,369801,0,0,0.0
20160418,122892.0,123598.0,122438.0,122771.0,143540,366827,0,0,0.0
20160419,122653.0,125109.0,122170.0,124690.0,200511,364111,0,0,0.0
20160420,124383.0,125238.0,123661.0,124700.0,158271,377450,0,0,0.0
20160421,123707.0,126491.0,123701.0,124292.0,261992,378957,0,0,0.0
20160422,124105.0,124682.0,122120.0,122274.0,198388,383471,0,0,0.0
20160425,122713.0,123648.0,122398.0,123288.0,114696,373396,0,0,0.0
20160426,123240.0,123916.0,122537.0,123606.0,139982,366905,0,0,0.0
20160427,123826.0,124721.0,123332.0,124302.0,167190,367577,0,0,0.0
20160428,123985.0,126421.0,123173.0,125893.0,214356,370666,0,0,0.0
20160429,126043.0,129135.0,125946.0,128289.0,249603,390097,0,0,0.0
20160502,128548.0,129831.0,128193.0,128816.0,193092,405312,0,0,0.0
20160503,128568.0,129622.0,127636.0,128418.0,209229,399302,0,0,0.0
20160504,128001.0,128419.0,126602.0,126688.0,205506,404887,0,0,0.0
20160505,127355.0,128081.0,126304.0,126479.0,168856,403678,0,0,0.0
20160506,127166.0,129006.0,126861.0,128636.0,246521,400085,0,0,0.0
20160509,127902.0,128191.0,125529.0,125912.0,213413,405249,0,0,0.0
20160510,125785.0,126451.0,125082.0,125733.0,164024,384588,0,0,0.0
20160511,125974.0,127326.0,125877.0,126797.0,215592,368885,0,0,0.0
20160512,127167.0,127495.0,125539.0,126370.0,211757,346974,0,0,0.0
20160513,125726.0,127018.0,125648.0,126519.0,167683,333445,0,0,0.0
