Date,Open,High,Low,Close,Volume,OI,P,R,RINFO
20140516,55050.0,55180.0,54840.0,55160.0,35498,91075,0,0,0.0
20140519,55110.0,55950.0,55000.0,55760.0,78577,89686,0,0,0.0
20140520,55820.0,55840.0,55430.0,55500.0,45757,85541,0,0,0.0
20140521,55550.0,55660.0,55230.0,55310.0,34318,81041,0,0,0.0
20140522,55400.0,55420.0,54800.0,55040.0,44573,75639,0,0,0.0
20140523,55040.0,55080.0,54500.0,54520.0,43493,71169,0,0,0.0
20140527,54890.0,54950.0,54600.0,54700.0,36464,163956,201410,201410,0.0
20140528,54280.0,54500.0,54180.0,54350.0,31335,164790,0,0,490.0
20140529,54498.0,55451.0,54448.0,55173.0,62470,168103,0,0,0.0
20140530,55380.0,55401.0,54884.0,54945.0,37250,168367,0,0,0.0
20140602,54904.0,55262.0,54884.0,55153.0,57069,172370,0,0,0.0
20140603,55261.0,55718.0,55201.0,55530.0,53630,176602,0,0,0.0
20140604,55529.0,55678.0,55211.0,55570.0,57356,177501,0,0,0.0
20140605,55598.0,56124.0,55528.0,56026.0,54657,180920,0,0,0.0
20140606,55945.0,56292.0,55796.0,56016.0,68718,180554,0,0,0.0
20140609,56232.0,56916.0,56202.0,56799.0,64684,179193,0,0,0.0
20140610,56906.0,57015.0,56549.0,56849.0,50825,177406,0,0,0.0
20140611,56906.0,56936.0,56351.0,56373.0,52198,176583,0,0,0.0
20140612,56549.0,57560.0,56450.0,57503.0,75866,176375,0,0,0.0
20140613,57699.0,58392.0,57372.0,58127.0,64633,175236,0,0,0.0
20140616,58284.0,58333.0,57927.0,58058.0,30318,174542,0,0,0.0
20140617,58086.0,58571.0,57709.0,57771.0,37979,174784,0,0,0.0
20140618,57709.0,57976.0,57085.0,57493.0,59237,172722,0,0,0.0
20140619,57679.0,58680.0,57630.0,58464.0,55415,175083,0,0,0.0
20140620,58571.0,58611.0,57888.0,58008.0,39887,172571,0,0,0.0
20140623,58016.0,58353.0,58017.0,58246.0,30354,171997,0,0,0.0
20140624,58274.0,59394.0,58245.0,59356.0,56438,171815,0,0,0.0
20140625,59255.0,60078.0,59147.0,59723.0,49585,169356,0,0,0.0
20140626,59869.0,60663.0,59781.0,60556.0,55985,168402,0,0,0.0
20140627,60592.0,60653.0,59682.0,59912.0,67785,163226,0,0,0.0
20140630,60136.0,60574.0,59365.0,59496.0,43425,160995,0,0,0.0
20140701,59611.0,60227.0,59613.0,60061.0,50503,158699,0,0,0.0
20140702,60107.0,61248.0,59891.0,60388.0,74446,153348,0,0,0.0
20140703,61465.0,61575.0,61080.0,61448.0,61374,149425,0,0,0.0
20140707,61762.0,62041.0,61159.0,61428.0,66533,144062,0,0,0.0
20140708,61405.0,61575.0,60644.0,60863.0,81016,133902,0,0,0.0
20140709,60890.0,61595.0,59673.0,59783.0,115720,120976,0,0,0.0
20140710,59968.0,60108.0,58652.0,58732.0,108379,109271,0,0,0.0
20140711,58749.0,59295.0,58107.0,59119.0,93526,100249,0,0,0.0
20140714,59145.0,59206.0,58385.0,58594.0,76274,90780,0,0,0.0
20140715,58768.0,59018.0,58534.0,58901.0,55964,86597,0,0,0.0
20140716,58867.0,59186.0,58385.0,58544.0,59283,82642,0,0,0.0
20140717,59144.0,59731.0,59108.0,59723.0,65666,76181,0,0,0.0
20140718,59620.0,60266.0,59544.0,60110.0,58228,72132,0,0,0.0
20140721,60175.0,60781.0,59960.0,60635.0,48347,68875,0,0,0.0
20140722,60730.0,61822.0,60723.0,61824.0,74007,65000,0,0,0.0
20140723,62117.0,62466.0,61298.0,61864.0,82227,59331,0,0,0.0
20140724,62097.0,62892.0,61585.0,62062.0,86614,56326,201410,201410,0.0
20140725,62226.0,62783.0,61902.0,62785.0,46673,149074,0,0,570.0
20140728,62855.0,63156.0,62138.0,62500.0,41901,149409,0,0,0.0
20140729,62649.0,62753.0,62334.0,62500.0,43381,150871,0,0,0.0
20140730,62551.0,62969.0,62432.0,62834.0,38857,153288,0,0,0.0
20140731,62826.0,62900.0,61646.0,61812.0,57405,154304,0,0,0.0
20140801,61598.0,61780.0,60664.0,61291.0,60953,155056,0,0,0.0
20140804,61382.0,61682.0,60870.0,61379.0,43137,156006,0,0,0.0
20140805,61490.0,61780.0,61017.0,61153.0,34543,156585,0,0,0.0
20140806,61205.0,61436.0,60781.0,61271.0,37038,158690,0,0,0.0
20140807,61244.0,61436.0,60084.0,60112.0,71843,157509,0,0,0.0
20140808,59938.0,60051.0,58925.0,58933.0,50157,155161,0,0,0.0
20140811,58101.0,59737.0,58080.0,59110.0,78732,153494,0,0,0.0
20140812,59103.0,59216.0,57923.0,58020.0,69755,151780,0,0,0.0
20140813,57816.0,58322.0,56931.0,57578.0,70440,149875,0,0,0.0
20140814,57521.0,58057.0,57285.0,57892.0,41661,148489,0,0,0.0
20140815,57825.0,58499.0,57707.0,58049.0,41423,145940,0,0,0.0
20140818,58149.0,58686.0,57805.0,58363.0,33386,145928,0,0,0.0
20140819,58296.0,58637.0,57569.0,57842.0,39861,145790,0,0,0.0
20140820,57628.0,57665.0,56656.0,57125.0,47154,143920,0,0,0.0
20140821,57098.0,57419.0,56744.0,57184.0,42714,143905,0,0,0.0
20140822,57196.0,58097.0,57176.0,57754.0,40729,141146,0,0,0.0
20140825,57874.0,58392.0,57775.0,58206.0,39180,139682,0,0,0.0
20140826,58120.0,58549.0,58099.0,58245.0,40450,137772,0,0,0.0
20140827,58238.0,58382.0,57932.0,58078.0,38114,136423,0,0,0.0
20140828,58101.0,59246.0,57942.0,58972.0,56843,134927,0,0,0.0
20140829,58906.0,59541.0,58826.0,59493.0,45051,134516,0,0,0.0
20140902,59652.0,60523.0,59612.0,59886.0,45051,134516,0,0,0.0
20140903,60074.0,61063.0,60024.0,61065.0,78529,127844,0,0,0.0
20140904,61262.0,62242.0,61085.0,61703.0,129713,117378,0,0,0.0
20140905,61969.0,62880.0,61782.0,62764.0,64525,114551,0,0,0.0
20140908,62873.0,62978.0,62145.0,62283.0,83495,102557,0,0,0.0
20140909,62294.0,63037.0,62253.0,62735.0,79189,96013,0,0,0.0
20140910,63021.0,63548.0,62047.0,62745.0,97757,89962,0,0,0.0
20140911,62834.0,62870.0,61772.0,61832.0,67543,84176,0,0,0.0
20140912,61881.0,62182.0,61301.0,61400.0,70309,81235,0,0,0.0
20140915,61675.0,61819.0,61075.0,61429.0,43185,77982,0,0,0.0
20140916,61439.0,61465.0,60810.0,61370.0,38134,75738,0,0,0.0
20140917,61419.0,62064.0,61370.0,61694.0,48594,73018,0,0,0.0
20140918,61586.0,61593.0,60741.0,61134.0,44559,68501,0,0,0.0
20140919,61242.0,61416.0,60908.0,61144.0,54931,60500,0,0,0.0
20140922,60928.0,61151.0,60692.0,61095.0,34505,58599,0,0,0.0
20140923,61075.0,61249.0,60692.0,61075.0,34430,56155,0,0,0.0
20140924,60928.0,61131.0,60771.0,61026.0,41762,52819,0,0,0.0
20140925,60889.0,61288.0,60800.0,61075.0,44264,50238,201412,201412,0.0
20140926,61184.0,62211.0,60957.0,62214.0,69680,151599,0,0,1500.0
20140929,62114.0,63353.0,61791.0,63126.0,69273,153187,0,0,0.0
20140930,63255.0,63315.0,62577.0,62742.0,49036,153400,0,0,0.0
20141001,62660.0,63776.0,62625.0,63673.0,82258,155761,0,0,0.0
20141002,63609.0,64073.0,63402.0,63874.0,54371,153940,0,0,0.0
20141003,63897.0,64351.0,63527.0,63663.0,47146,154717,0,0,0.0
20141006,63676.0,64102.0,63479.0,63826.0,51443,155496,0,0,0.0
20141007,63839.0,64822.0,63728.0,64421.0,57151,157450,0,0,0.0
20141008,64414.0,64793.0,64102.0,64498.0,46669,156805,0,0,0.0
20141009,64663.0,65090.0,63306.0,63663.0,65400,155681,0,0,0.0
20141010,63512.0,63948.0,63057.0,63442.0,50257,154522,0,0,0.0
20141013,63685.0,64341.0,63652.0,63979.0,29146,154525,0,0,0.0
20141014,63810.0,64063.0,62827.0,62914.0,44090,151806,0,0,0.0
20141015,62957.0,63276.0,62060.0,62357.0,61569,149256,0,0,0.0
20141016,62334.0,63506.0,62281.0,63441.0,42030,149481,0,0,0.0
20141017,63178.0,63592.0,62856.0,63345.0,29924,146380,0,0,0.0
20141020,63341.0,64494.0,63326.0,64487.0,35694,146818,0,0,0.0
20141021,64377.0,65146.0,63796.0,64113.0,52044,146695,0,0,0.0
20141022,64128.0,64657.0,63969.0,64516.0,32670,147943,0,0,0.0
20141023,64598.0,65242.0,64285.0,64900.0,45070,149576,0,0,0.0
20141024,65106.0,65232.0,63863.0,64056.0,35454,147464,0,0,0.0
20141027,64137.0,64685.0,63949.0,64411.0,27676,147023,0,0,0.0
20141028,64358.0,64531.0,63959.0,64392.0,26199,145646,0,0,0.0
20141029,64300.0,64617.0,63662.0,63999.0,45539,141548,0,0,0.0
20141030,64031.0,64473.0,63710.0,64220.0,45146,138465,0,0,0.0
20141031,64232.0,64377.0,63461.0,63731.0,54314,137563,0,0,0.0
20141103,63580.0,64214.0,63356.0,64115.0,45453,135756,0,0,0.0
20141104,64059.0,64185.0,63807.0,63961.0,30799,132511,0,0,0.0
20141105,63925.0,63974.0,63251.0,63404.0,46664,127066,0,0,0.0
20141106,63378.0,63878.0,63318.0,63462.0,36230,124239,0,0,0.0
20141107,63445.0,64195.0,63328.0,64019.0,64825,117517,0,0,0.0
20141110,64145.0,64435.0,64018.0,64144.0,57914,111010,0,0,0.0
20141111,64097.0,64512.0,63855.0,64192.0,61246,103991,0,0,0.0
20141112,64059.0,64608.0,63874.0,64384.0,82194,94692,0,0,0.0
20141113,64615.0,65318.0,64526.0,65113.0,107551,83650,0,0,0.0
20141114,65152.0,65462.0,64919.0,65324.0,49612,79043,0,0,0.0
20141117,65516.0,65740.0,65351.0,65631.0,44621,74192,0,0,0.0
20141118,65593.0,65654.0,65370.0,65564.0,27048,71285,0,0,0.0
20141119,65516.0,65721.0,65245.0,65564.0,40480,68133,0,0,0.0
20141120,65660.0,65721.0,65140.0,65343.0,46144,64794,0,0,0.0
20141121,65305.0,65731.0,65130.0,65592.0,44454,62376,0,0,0.0
20141124,65660.0,65875.0,64833.0,65055.0,57923,56868,0,0,0.0
20141125,64998.0,65395.0,64881.0,65304.0,41022,53976,0,0,0.0
20141126,65180.0,65501.0,64776.0,64959.0,43851,48253,201502,201502,0.0
20141128,64777.0,65040.0,64594.0,64863.0,34471,142679,0,0,90.0
20141201,64815.0,65500.0,64364.0,65486.0,58555,145249,0,0,0.0
20141202,65370.0,65510.0,64508.0,64796.0,50858,147512,0,0,0.0
20141203,64566.0,64619.0,63627.0,64058.0,63400,143531,0,0,0.0
20141204,63876.0,64351.0,63809.0,64001.0,34902,145265,0,0,0.0
20141205,63924.0,64016.0,62985.0,63196.0,52432,145060,0,0,0.0
20141208,63110.0,63259.0,62008.0,62046.0,58770,144016,0,0,0.0
20141209,62085.0,62818.0,61759.0,62496.0,61544,142401,0,0,0.0
20141210,62612.0,62646.0,61864.0,62419.0,40428,140200,0,0,0.0
20141211,62507.0,62771.0,62180.0,62314.0,40546,137121,0,0,0.0
20141212,62239.0,62838.0,61558.0,62161.0,46416,134768,0,0,0.0
20141215,62105.0,62263.0,61644.0,61998.0,37861,134221,0,0,0.0
20141216,61674.0,61918.0,60811.0,60848.0,40151,133692,0,0,0.0
20141217,59759.0,61171.0,59662.0,59727.0,81066,127255,0,0,0.0
20141218,59606.0,60874.0,59413.0,60762.0,59108,122530,0,0,0.0
20141219,60746.0,61621.0,60696.0,61366.0,42070,120664,0,0,0.0
20141222,61445.0,61870.0,61386.0,61644.0,26146,121724,0,0,0.0
20141223,61656.0,61774.0,60936.0,61558.0,35341,121499,0,0,0.0
20141224,61503.0,61860.0,61156.0,61548.0,23443,120121,0,0,0.0
20141226,61675.0,62473.0,61338.0,62276.0,27164,119743,0,0,0.0
20141229,62499.0,63422.0,62497.0,63244.0,34460,119193,0,0,0.0
20141231,63303.0,63623.0,62315.0,62688.0,49453,116797,0,0,0.0
20150102,63389.0,63805.0,63225.0,63503.0,38266,117649,0,0,0.0
20150105,63648.0,63958.0,63436.0,63714.0,36056,115725,0,0,0.0
20150106,63715.0,63853.0,62928.0,63637.0,60230,111136,0,0,0.0
20150107,63744.0,63910.0,63196.0,63589.0,57138,107401,0,0,0.0
20150108,63524.0,63996.0,62401.0,62707.0,79145,102551,0,0,0.0
20150109,62595.0,62750.0,61520.0,61557.0,66811,97769,0,0,0.0
20150112,61465.0,62367.0,61233.0,61500.0,92519,87383,0,0,0.0
20150113,61676.0,62003.0,60314.0,60350.0,88695,81402,0,0,0.0
20150114,60182.0,60863.0,58983.0,59698.0,104891,71938,0,0,0.0
20150115,59665.0,60154.0,58954.0,59104.0,75961,66323,0,0,0.0
20150116,59014.0,59531.0,58705.0,59200.0,67105,61214,0,0,0.0
20150120,59282.0,59339.0,58015.0,58663.0,62235,58701,0,0,0.0
20150121,58937.0,59080.0,58331.0,58912.0,43048,55752,0,0,0.0
20150122,58880.0,59387.0,58609.0,58778.0,56102,51750,0,0,0.0
20150123,58593.0,58620.0,57594.0,57628.0,51834,50060,0,0,0.0
20150126,57578.0,58735.0,56837.0,57427.0,76965,46006,201504,201504,0.0
20150127,57501.0,58534.0,57440.0,58539.0,51939,113324,0,0,-690.0
20150128,58363.0,58922.0,58302.0,58733.0,58242,114748,0,0,0.0
20150129,58751.0,59222.0,57556.0,58345.0,71428,115683,0,0,0.0
20150130,58441.0,59057.0,57982.0,59033.0,43569,116424,0,0,0.0
20150202,58664.0,59309.0,57846.0,57996.0,61464,118688,0,0,0.0
20150203,57870.0,58611.0,57284.0,58374.0,54271,119907,0,0,0.0
20150204,58209.0,58466.0,57536.0,57628.0,50528,120861,0,0,0.0
20150205,57647.0,57991.0,56916.0,57386.0,51248,120486,0,0,0.0
20150206,57550.0,58543.0,57546.0,58549.0,51736,120717,0,0,0.0
20150209,59071.0,59880.0,58912.0,59567.0,50664,120395,0,0,0.0
20150210,59720.0,59909.0,59193.0,59615.0,38743,121165,0,0,0.0
20150211,59710.0,59783.0,58428.0,58578.0,49734,121515,0,0,0.0
20150212,58712.0,58979.0,57992.0,58588.0,51786,123465,0,0,0.0
20150213,58915.0,59745.0,58748.0,59402.0,45066,122040,0,0,0.0
20150217,59554.0,59600.0,58341.0,58433.0,38524,121986,0,0,0.0
20150218,58479.0,59348.0,58302.0,59170.0,43282,121805,0,0,0.0
20150219,59215.0,59270.0,58573.0,58734.0,29843,120471,0,0,0.0
20150220,58711.0,59115.0,57546.0,57581.0,46354,121209,0,0,0.0
20150223,57529.0,57913.0,56926.0,57029.0,45186,121050,0,0,0.0
20150224,56977.0,57264.0,56306.0,56438.0,53620,119950,0,0,0.0
20150225,56425.0,57283.0,56364.0,56932.0,42940,120124,0,0,0.0
20150226,57123.0,58087.0,57062.0,58076.0,53150,119263,0,0,0.0
20150227,58072.0,58979.0,57856.0,58813.0,63685,116237,0,0,0.0
20150302,58973.0,59657.0,58941.0,59491.0,56416,112870,0,0,0.0
20150303,59467.0,59502.0,58428.0,58561.0,48740,108815,0,0,0.0
20150304,58459.0,59715.0,58186.0,59724.0,54262,106780,0,0,0.0
20150305,59796.0,60103.0,59310.0,59424.0,59751,102305,0,0,0.0
20150306,59505.0,60103.0,59194.0,59957.0,62292,98385,0,0,0.0
20150309,60251.0,60277.0,59601.0,59705.0,48099,94627,0,0,0.0
20150310,59738.0,60180.0,59349.0,59996.0,61633,89055,0,0,0.0
20150311,60067.0,60587.0,60047.0,60326.0,54914,83374,0,0,0.0
20150312,60455.0,60587.0,59989.0,60404.0,56434,78857,0,0,0.0
20150313,60339.0,60587.0,59398.0,59813.0,55244,77047,0,0,0.0
20150316,59525.0,59880.0,59127.0,59396.0,45635,73461,0,0,0.0
20150317,59447.0,59851.0,59311.0,59541.0,44082,70894,0,0,0.0
20150318,59544.0,60694.0,59447.0,60704.0,63440,68360,0,0,0.0
20150319,60803.0,61469.0,60639.0,61256.0,48040,63741,0,0,0.0
20150320,61268.0,61527.0,60881.0,61392.0,48395,60426,0,0,0.0
20150323,61762.0,62545.0,61646.0,62555.0,73674,55610,0,0,0.0
20150324,62731.0,62991.0,62276.0,62807.0,47611,52583,0,0,0.0
20150325,62750.0,62884.0,62334.0,62700.0,45531,50759,0,0,0.0
20150326,62760.0,62874.0,62373.0,62681.0,36362,48241,201506,201506,0.0
20150327,62653.0,63039.0,62499.0,62981.0,36724,125866,0,0,-3790.0
20150330,62797.0,63111.0,62540.0,62981.0,37009,126853,0,0,0.0
20150331,62962.0,63224.0,62643.0,62713.0,41924,129868,0,0,0.0
20150401,62736.0,63183.0,62324.0,62672.0,43868,130104,0,0,0.0
20150402,62921.0,63162.0,62756.0,63145.0,39799,132263,0,0,0.0
20150406,63312.0,63666.0,62416.0,62476.0,46958,133049,0,0,0.0
20150407,62201.0,62719.0,61840.0,62713.0,43426,133381,0,0,0.0
20150408,62520.0,62709.0,62149.0,62353.0,45959,132236,0,0,0.0
20150409,62397.0,62544.0,62149.0,62404.0,30758,134431,0,0,0.0
20150410,62263.0,62287.0,61171.0,61262.0,30758,134431,0,0,0.0
20150413,60946.0,61464.0,60873.0,61324.0,20245,132581,0,0,0.0
20150414,61296.0,62123.0,61182.0,61931.0,20302,134568,0,0,0.0
20150415,62016.0,62555.0,62005.0,62446.0,18796,136211,0,0,0.0
20150416,62448.0,62740.0,62067.0,62580.0,20830,138436,0,0,0.0
20150417,62633.0,62709.0,61346.0,61345.0,21826,139945,0,0,0.0
20150420,61007.0,61093.0,59936.0,60058.0,35254,139147,0,0,0.0
20150421,59978.0,60465.0,59915.0,60408.0,24967,134702,0,0,0.0
20150422,60348.0,60486.0,59771.0,60120.0,25913,131702,0,0,0.0
20150423,60327.0,61340.0,60142.0,61355.0,26358,129910,0,0,0.0
20150424,61583.0,62420.0,61099.0,62250.0,33716,131111,0,0,0.0
20150427,61542.0,62111.0,61521.0,61869.0,19524,133685,0,0,0.0
20150428,61871.0,62379.0,61881.0,62219.0,20689,133503,0,0,0.0
20150429,62427.0,62420.0,61902.0,62126.0,17557,134554,0,0,0.0
20150430,62180.0,62276.0,60986.0,61632.0,28471,132519,0,0,0.0
20150501,61542.0,61967.0,61099.0,61416.0,23647,128671,0,0,0.0
20150504,61532.0,62152.0,61511.0,62054.0,15949,126567,0,0,0.0
20150505,62242.0,62584.0,61779.0,62352.0,23546,124850,0,0,0.0
20150506,62345.0,62471.0,61820.0,61848.0,21544,123995,0,0,0.0
20150507,61851.0,62029.0,61377.0,61498.0,24817,119932,0,0,0.0
20150508,61964.0,62410.0,61830.0,62373.0,27630,113716,0,0,0.0
20150511,62376.0,62945.0,61779.0,61858.0,29876,109313,0,0,0.0
20150512,61954.0,62420.0,61594.0,62362.0,27247,105309,0,0,0.0
20150513,62263.0,62790.0,62098.0,62568.0,27552,100637,0,0,0.0
20150514,62860.0,63788.0,62808.0,63319.0,27419,96388,0,0,0.0
20150515,63560.0,63592.0,62407.0,62794.0,28800,92747,0,0,0.0
20150518,62572.0,62656.0,62211.0,62403.0,16110,88679,0,0,0.0
20150519,62387.0,62707.0,62190.0,62568.0,15117,85768,0,0,0.0
20150520,62583.0,62995.0,62169.0,62311.0,15351,83094,0,0,0.0
20150521,62758.0,62974.0,62519.0,62733.0,18180,79636,0,0,0.0
20150522,62532.0,62840.0,62365.0,62630.0,15852,74339,0,0,0.0
20150526,62645.0,62902.0,62437.0,62496.0,11586,69438,201508,201508,0.0
20150527,62563.0,62902.0,62221.0,62825.0,21488,126561,0,0,-470.0
20150528,62947.0,63628.0,62885.0,63375.0,42076,132940,0,0,0.0
20150529,63341.0,63566.0,62657.0,62763.0,41384,147955,0,0,0.0
20150601,62791.0,63203.0,62771.0,63126.0,16304,148862,0,0,0.0
20150602,63247.0,63234.0,62844.0,63064.0,15754,150622,0,0,0.0
20150603,62863.0,63037.0,62481.0,62494.0,22545,152002,0,0,0.0
20150604,62490.0,62954.0,62398.0,62836.0,17756,151305,0,0,0.0
20150605,62801.0,63141.0,62346.0,62473.0,23832,153111,0,0,0.0
20150608,62479.0,63006.0,62284.0,62898.0,18463,151993,0,0,0.0
20150609,62852.0,63524.0,62678.0,63427.0,23657,152197,0,0,0.0
20150610,63505.0,64042.0,63487.0,63697.0,23200,154182,0,0,0.0
20150611,63712.0,64021.0,63363.0,63448.0,18576,156908,0,0,0.0
20150612,63287.0,63337.0,62326.0,62566.0,29776,156489,0,0,0.0
20150615,62447.0,62767.0,62399.0,62701.0,16192,151121,0,0,0.0
20150616,62769.0,62985.0,62555.0,62742.0,17572,149521,0,0,0.0
20150617,62676.0,62684.0,62379.0,62503.0,12143,148492,0,0,0.0
20150618,62541.0,62539.0,61933.0,61964.0,22024,147161,0,0,0.0
20150619,62043.0,62684.0,61943.0,62514.0,16641,142916,0,0,0.0
20150622,62530.0,63223.0,62368.0,63022.0,21321,140982,0,0,0.0
20150623,62997.0,63182.0,62814.0,62991.0,16096,139476,0,0,0.0
20150624,62945.0,62964.0,62326.0,62369.0,20697,138241,0,0,0.0
20150625,62343.0,62342.0,61351.0,61643.0,35057,134838,0,0,0.0
20150626,61451.0,61938.0,61382.0,61622.0,18607,126080,0,0,0.0
20150629,61648.0,62405.0,61351.0,62182.0,21634,122520,0,0,0.0
20150630,62156.0,62426.0,61351.0,61435.0,24978,120278,0,0,0.0
20150701,61565.0,62665.0,61455.0,62680.0,32754,116852,0,0,0.0
20150702,62913.0,63038.0,62586.0,62742.0,25433,116251,0,0,0.0
20150706,62851.0,62934.0,62275.0,62441.0,20206,114179,0,0,0.0
20150707,62488.0,62799.0,62192.0,62680.0,21627,111275,0,0,0.0
20150708,62706.0,62872.0,61642.0,61819.0,41220,107277,0,0,0.0
20150709,61907.0,62405.0,61414.0,61601.0,34096,95850,0,0,0.0
20150710,61710.0,61855.0,61144.0,61186.0,33094,87330,0,0,0.0
20150713,61150.0,61171.0,60698.0,60823.0,34705,79640,0,0,0.0
20150714,60777.0,61358.0,60625.0,61051.0,31348,70252,0,0,0.0
20150715,61078.0,61327.0,60801.0,60999.0,16847,64659,0,0,0.0
20150716,60985.0,61016.0,60625.0,60781.0,13732,63167,0,0,0.0
20150717,60736.0,61182.0,60386.0,60843.0,23786,61486,0,0,0.0
20150720,60881.0,61089.0,60780.0,60884.0,12343,57047,0,0,0.0
20150721,60912.0,60923.0,60189.0,60220.0,14657,53430,0,0,0.0
20150722,60217.0,60674.0,59826.0,59950.0,14851,52054,0,0,0.0
20150723,59885.0,60114.0,59370.0,59473.0,14778,49522,0,0,0.0
20150724,59449.0,59710.0,59100.0,59338.0,9857,46130,201510,201510,0.0
20150727,59283.0,59565.0,59007.0,59276.0,19009,105996,0,0,440.0
20150728,59489.0,60501.0,59439.0,60439.0,27546,104656,0,0,0.0
20150729,60477.0,60686.0,60077.0,60305.0,15280,103810,0,0,0.0
20150730,60302.0,60686.0,60211.0,60295.0,13637,103970,0,0,0.0
20150731,60374.0,60665.0,60026.0,60079.0,18857,104750,0,0,0.0
20150803,60672.0,61303.0,60685.0,60974.0,21807,106107,0,0,0.0
20150804,61187.0,61282.0,60829.0,61015.0,14435,106235,0,0,0.0
20150805,60930.0,61066.0,60788.0,61005.0,12472,106071,0,0,0.0
20150806,61228.0,61447.0,60994.0,61283.0,19269,106448,0,0,0.0
20150807,61238.0,61375.0,61056.0,61149.0,13106,104854,0,0,0.0
20150810,61506.0,61663.0,61355.0,61468.0,16653,104089,0,0,0.0
20150811,61372.0,61540.0,61345.0,61406.0,12008,103908,0,0,0.0
20150812,61454.0,61458.0,60202.0,60356.0,29168,102804,0,0,0.0
20150813,60559.0,60943.0,60151.0,60871.0,20014,102206,0,0,0.0
20150814,60950.0,61015.0,59966.0,60459.0,21399,103387,0,0,0.0
20150817,60332.0,60871.0,60110.0,60809.0,14536,103936,0,0,0.0
20150818,60620.0,60994.0,60573.0,60685.0,14122,103101,0,0,0.0
20150819,60517.0,60726.0,59544.0,59759.0,24960,104169,0,0,0.0
20150820,59673.0,60428.0,59513.0,60243.0,21354,105423,0,0,0.0
20150821,59930.0,60222.0,59029.0,59224.0,23014,105546,0,0,0.0
20150824,58376.0,58925.0,58226.0,58596.0,24899,106677,0,0,0.0
20150825,58705.0,59048.0,58236.0,58339.0,20987,105861,0,0,0.0
20150826,58324.0,58626.0,57505.0,57793.0,30599,106249,0,0,0.0
20150827,58365.0,58842.0,58236.0,58688.0,18909,108997,0,0,0.0
20150828,58705.0,59521.0,58565.0,59275.0,21923,107541,0,0,0.0
20150831,59199.0,59500.0,58843.0,58956.0,18647,105957,0,0,0.0
20150901,58798.0,58790.0,57896.0,58184.0,27755,104044,0,0,0.0
20150902,58180.0,58471.0,57690.0,58143.0,31292,100606,0,0,0.0
20150903,58149.0,58708.0,58164.0,58297.0,22049,97471,0,0,0.0
20150904,58087.0,58142.0,57752.0,57834.0,19668,94769,0,0,0.0
20150908,58077.0,59058.0,57906.0,59069.0,24025,91641,0,0,0.0
20150909,59219.0,59449.0,58709.0,58863.0,33520,89368,0,0,0.0
20150910,58715.0,59202.0,58627.0,58853.0,25666,80120,0,0,0.0
20150911,58664.0,58677.0,57690.0,57885.0,32938,73491,0,0,0.0
20150914,57902.0,58399.0,57639.0,58245.0,24276,68983,0,0,0.0
20150915,58149.0,58553.0,57732.0,57885.0,15973,61799,0,0,0.0
20150916,57820.0,57833.0,56661.0,56650.0,22502,57747,0,0,0.0
20150917,56564.0,56773.0,56218.0,56341.0,21341,55603,0,0,0.0
20150918,56338.0,56567.0,55930.0,55991.0,13275,52543,0,0,0.0
20150921,56307.0,56701.0,56249.0,56403.0,10583,50088,0,0,0.0
20150922,56194.0,56557.0,55703.0,56084.0,11311,47531,0,0,0.0
20150923,55607.0,55641.0,54859.0,54849.0,14055,45688,0,0,0.0
20150924,54094.0,55260.0,53006.0,53809.0,24764,41480,201512,201512,0.0
20150925,54248.0,54982.0,54025.0,54993.0,21053,127435,0,0,1370.0
20150928,55171.0,55343.0,54687.0,55053.0,31448,127111,0,0,0.0
20150929,54669.0,54761.0,53834.0,53849.0,26252,125301,0,0,0.0
20150930,53515.0,54059.0,52088.0,52554.0,56594,127033,0,0,0.0
20151001,52562.0,53056.0,51406.0,52183.0,49277,128174,0,0,0.0
20151002,51559.0,52875.0,51496.0,52735.0,31952,132340,0,0,0.0
20151005,52602.0,53015.0,51807.0,52273.0,23315,135701,0,0,0.0
20151006,52110.0,53466.0,51667.0,53477.0,28573,136839,0,0,0.0
20151007,53725.0,55131.0,53694.0,54651.0,46780,135722,0,0,0.0
20151008,54407.0,55332.0,54095.0,55263.0,30782,133507,0,0,0.0
20151009,55069.0,55382.0,54436.0,55123.0,25109,131973,0,0,0.0
20151012,55340.0,55733.0,55018.0,55223.0,20596,133187,0,0,0.0
20151013,55210.0,55462.0,54817.0,55072.0,18932,133478,0,0,0.0
20151014,55120.0,55773.0,54897.0,55162.0,24298,133520,0,0,0.0
20151015,55090.0,55311.0,54536.0,54811.0,19876,133053,0,0,0.0
20151016,54739.0,56003.0,54556.0,55965.0,26642,132654,0,0,0.0
20151019,56394.0,57217.0,56342.0,56858.0,32641,130943,0,0,0.0
20151020,56936.0,57749.0,56553.0,57470.0,29400,126884,0,0,0.0
20151021,57518.0,57669.0,57075.0,57460.0,24741,124104,0,0,0.0
20151022,57378.0,57759.0,57085.0,57701.0,23076,120525,0,0,0.0
20151023,57488.0,57669.0,56634.0,57561.0,27656,120455,0,0,0.0
20151026,56996.0,57087.0,56604.0,56999.0,19659,120298,0,0,0.0
20151027,56715.0,57197.0,56203.0,56437.0,23187,119408,0,0,0.0
20151028,57026.0,57628.0,56986.0,57641.0,22659,119303,0,0,0.0
20151029,57818.0,58079.0,57147.0,57320.0,30963,117275,0,0,0.0
20151030,57136.0,57327.0,56706.0,56888.0,23011,115267,0,0,0.0
20151102,56624.0,57026.0,56385.0,56868.0,22761,114798,0,0,0.0
20151103,56734.0,56876.0,56064.0,56286.0,25214,112994,0,0,0.0
20151104,56022.0,56053.0,55071.0,55082.0,21098,112322,0,0,0.0
20151105,54828.0,55070.0,53576.0,53948.0,49102,110069,0,0,0.0
20151106,54026.0,54418.0,53466.0,54159.0,34217,107232,0,0,0.0
20151109,53866.0,53886.0,52944.0,52955.0,17479,105543,0,0,0.0
20151110,52381.0,52923.0,51138.0,51510.0,58646,100611,0,0,0.0
20151111,52010.0,52702.0,52021.0,52714.0,24383,90250,0,0,0.0
20151112,52933.0,54217.0,52633.0,53447.0,40695,85413,0,0,0.0
20151113,53465.0,53585.0,52232.0,52454.0,27590,77739,0,0,0.0
20151116,51389.0,51428.0,51239.0,51250.0,10017,73106,0,0,0.0
20151117,50938.0,52120.0,50366.0,51390.0,22276,70903,0,0,0.0
20151118,51480.0,52582.0,51339.0,52574.0,17798,66223,0,0,0.0
20151119,52453.0,52753.0,51811.0,52142.0,12395,61742,0,0,0.0
20151120,52022.0,52572.0,51721.0,52062.0,14239,58448,0,0,0.0
20151123,51821.0,53254.0,51601.0,53055.0,15027,55152,0,0,0.0
20151124,52573.0,53053.0,51972.0,52282.0,14642,51504,0,0,0.0
20151125,52423.0,52632.0,52173.0,52563.0,7322,49547,201602,201602,0.0
20151127,52664.0,53033.0,52444.0,52784.0,9429,116326,0,0,940.0
20151130,52605.0,52915.0,51941.0,52192.0,18904,116871,0,0,0.0
20151201,51964.0,53230.0,51714.0,53089.0,25898,117647,0,0,0.0
20151202,52821.0,52954.0,51891.0,51906.0,25631,117795,0,0,0.0
20151203,51431.0,51554.0,50196.0,51048.0,40177,120176,0,0,0.0
20151204,51185.0,51426.0,50669.0,50959.0,23341,121330,0,0,0.0
20151207,50406.0,50608.0,49762.0,50141.0,28146,121868,0,0,0.0
20151208,49923.0,50825.0,49318.0,50111.0,23354,121116,0,0,0.0
20151209,49539.0,49938.0,48914.0,48958.0,29304,119367,0,0,0.0
20151210,48731.0,50096.0,48244.0,49895.0,30922,119540,0,0,0.0
20151211,49795.0,50283.0,49170.0,49787.0,21816,117566,0,0,0.0
20151214,49568.0,49948.0,48677.0,49057.0,17914,116231,0,0,0.0
20151215,48839.0,50194.0,48726.0,49501.0,26573,115258,0,0,0.0
20151216,49499.0,49553.0,48923.0,49284.0,16075,114581,0,0,0.0
20151217,48937.0,49070.0,48085.0,48318.0,31318,114407,0,0,0.0
20151218,49233.0,49494.0,49179.0,49501.0,8286,113042,0,0,0.0
20151221,51174.0,51268.0,50845.0,51276.0,15695,112922,0,0,0.0
20151222,51154.0,52224.0,50904.0,51976.0,31766,110703,0,0,0.0
20151223,52208.0,53151.0,52175.0,53110.0,30146,107827,0,0,0.0
20151228,54189.0,54216.0,53505.0,53692.0,18721,106998,0,0,0.0
20151229,53627.0,53822.0,53259.0,53436.0,13971,106491,0,0,0.0
20151230,53430.0,54364.0,53289.0,53909.0,23671,105818,0,0,0.0
20151231,53854.0,54019.0,53644.0,53948.0,10903,103097,0,0,0.0
20160104,53440.0,54275.0,53023.0,53800.0,21610,101815,0,0,0.0
20160105,53952.0,54295.0,53673.0,53938.0,19850,100267,0,0,0.0
20160106,53775.0,54009.0,53397.0,53839.0,19172,98094,0,0,0.0
20160107,53391.0,53625.0,52638.0,52656.0,23160,96806,0,0,0.0
20160108,52622.0,53172.0,52175.0,52400.0,33376,96702,0,0,0.0
20160111,52070.0,52561.0,51889.0,52144.0,26008,93198,0,0,0.0
20160112,52267.0,52650.0,51652.0,51898.0,24558,87366,0,0,0.0
20160113,52129.0,52512.0,51731.0,52095.0,28552,81385,0,0,0.0
20160114,51902.0,52216.0,51169.0,51484.0,31836,73399,0,0,0.0
20160115,51005.0,51033.0,50282.0,50301.0,17592,65394,0,0,0.0
20160119,50552.0,51250.0,50420.0,50991.0,18200,62484,0,0,0.0
20160120,50532.0,50777.0,49789.0,50183.0,14686,58296,0,0,0.0
20160121,50631.0,51359.0,50538.0,51366.0,15949,56100,0,0,0.0
20160122,51478.0,52503.0,51366.0,52086.0,14123,52392,0,0,0.0
20160125,52463.0,52493.0,51662.0,51830.0,12700,49147,0,0,0.0
20160126,51852.0,52582.0,51839.0,52461.0,11977,46221,201604,201604,0.0
20160127,52394.0,53223.0,52371.0,53151.0,27167,112210,0,0,190.0
20160128,52924.0,53144.0,52695.0,52866.0,21647,112817,0,0,0.0
20160129,53071.0,53488.0,52067.0,52660.0,34219,114135,0,0,0.0
20160201,52816.0,53016.0,52322.0,52827.0,20301,115985,0,0,0.0
20160202,52787.0,53075.0,52676.0,52955.0,14532,115835,0,0,0.0
20160203,53013.0,53615.0,52951.0,53348.0,22756,117082,0,0,0.0
20160204,53298.0,53723.0,53118.0,53309.0,21684,118442,0,0,0.0
20160205,53190.0,53271.0,52588.0,52818.0,22568,119948,0,0,0.0
20160208,52238.0,52299.0,51616.0,51639.0,21741,120743,0,0,0.0
20160209,51217.0,51985.0,51223.0,51541.0,23132,122533,0,0,0.0
20160210,51806.0,52250.0,51557.0,51796.0,18294,122031,0,0,0.0
20160211,51394.0,51435.0,50595.0,50902.0,36803,123081,0,0,0.0
20160212,51060.0,51425.0,50516.0,50745.0,17876,124205,0,0,0.0
20160216,50765.0,51916.0,50526.0,51924.0,20872,124361,0,0,0.0
20160217,52091.0,52751.0,51979.0,52435.0,25402,123270,0,0,0.0
20160218,52444.0,52997.0,52283.0,52808.0,19886,120762,0,0,0.0
20160219,52709.0,52977.0,52352.0,52641.0,16346,121455,0,0,0.0
20160222,52748.0,53321.0,52627.0,52906.0,23055,120464,0,0,0.0
20160223,52885.0,53488.0,52696.0,53250.0,19619,120079,0,0,0.0
20160224,53180.0,53655.0,52942.0,53505.0,18597,120635,0,0,0.0
20160225,53494.0,54176.0,53462.0,53977.0,24381,119460,0,0,0.0
20160226,54014.0,54382.0,53766.0,53839.0,23288,118936,0,0,0.0
20160229,53935.0,54068.0,53668.0,53829.0,16728,118513,0,0,0.0
20160301,53670.0,54019.0,53393.0,53878.0,18146,118005,0,0,0.0
20160302,53758.0,53980.0,53422.0,53564.0,17293,117582,0,0,0.0
20160303,53571.0,53597.0,53000.0,53230.0,22756,114899,0,0,0.0
20160304,53237.0,53744.0,53059.0,53584.0,19395,113287,0,0,0.0
20160307,53316.0,53724.0,52951.0,53427.0,21577,111723,0,0,0.0
20160308,53395.0,54176.0,53098.0,53889.0,29389,106906,0,0,0.0
20160309,53837.0,53989.0,53618.0,53751.0,19528,101801,0,0,0.0
20160310,54004.0,54470.0,53922.0,54350.0,22439,97305,0,0,0.0
20160311,54495.0,55452.0,54374.0,54939.0,33906,94333,0,0,0.0
20160314,54770.0,55000.0,54629.0,54743.0,14755,88303,0,0,0.0
20160315,54790.0,55363.0,54737.0,55303.0,17379,84979,0,0,0.0
20160316,55301.0,55736.0,55159.0,55627.0,15260,83260,0,0,0.0
20160317,55478.0,55756.0,55228.0,55470.0,12579,79406,0,0,0.0
20160318,55282.0,55383.0,54717.0,54949.0,13372,75888,0,0,0.0
20160321,54752.0,54862.0,54236.0,54369.0,12059,72515,0,0,0.0
20160322,54006.0,54282.0,53175.0,53613.0,20889,68592,0,0,0.0
20160323,53662.0,53860.0,53047.0,53230.0,10122,63191,0,0,0.0
20160324,53171.0,53644.0,52949.0,53387.0,11717,60678,201606,201606,0.0
20160328,53397.0,53654.0,53263.0,53515.0,22268,122376,0,0,-4260.0
20160329,53482.0,53846.0,53114.0,53515.0,25009,125010,0,0,0.0
20160330,53578.0,53665.0,52336.0,52470.0,29126,127882,0,0,0.0
20160331,52374.0,53143.0,52123.0,52875.0,34996,130186,0,0,0.0
20160401,52864.0,53100.0,52560.0,52683.0,19721,133945,0,0,0.0
20160404,52832.0,53217.0,52581.0,52726.0,15950,134908,0,0,0.0
20160405,52662.0,52780.0,51441.0,51479.0,32073,134268,0,0,0.0
20160406,51650.0,52375.0,51558.0,51948.0,23871,134822,0,0,0.0
20160407,51810.0,52332.0,51238.0,52108.0,29976,135526,0,0,0.0
20160408,52364.0,53003.0,52368.0,52875.0,20595,137809,0,0,0.0
20160411,53120.0,53227.0,52336.0,52534.0,19786,137863,0,0,0.0
20160412,52502.0,52875.0,52197.0,52374.0,19952,138728,0,0,0.0
20160413,52545.0,52705.0,51664.0,51894.0,26223,140627,0,0,0.0
20160414,51980.0,52311.0,51611.0,51905.0,17354,140948,0,0,0.0
20160415,51991.0,52279.0,51899.0,52086.0,15919,141901,0,0,0.0
20160418,51991.0,52066.0,50801.0,50807.0,31260,141136,0,0,0.0
20160419,50649.0,51086.0,50215.0,50551.0,27072,140352,0,0,0.0
20160420,50532.0,50713.0,49842.0,49997.0,26801,139956,0,0,0.0
20160421,49946.0,50361.0,49608.0,49837.0,22153,138073,0,0,0.0
20160422,49871.0,49945.0,48553.0,48878.0,34489,138193,0,0,0.0
20160425,48859.0,49732.0,48873.0,49709.0,20295,135260,0,0,0.0
20160426,49903.0,50627.0,49832.0,50626.0,22340,134632,0,0,0.0
20160427,50627.0,50861.0,49715.0,50221.0,24040,132220,0,0,0.0
20160428,49796.0,49998.0,48937.0,48942.0,26675,131619,0,0,0.0
20160429,48699.0,49604.0,48628.0,48995.0,23787,130808,0,0,0.0
20160502,48976.0,49828.0,48980.0,49368.0,20461,129113,0,0,0.0
20160503,49669.0,49796.0,49342.0,49613.0,18089,126216,0,0,0.0
20160504,49243.0,50158.0,49044.0,50071.0,22655,123876,0,0,0.0
20160505,50191.0,51234.0,50163.0,50998.0,29904,122481,0,0,0.0
20160506,50979.0,51543.0,50888.0,51467.0,29990,119836,0,0,0.0
20160509,52726.0,52726.0,52114.0,52565.0,41697,113568,0,0,0.0
20160510,52577.0,52779.0,52370.0,52554.0,33430,104060,0,0,0.0
20160511,52588.0,52854.0,52189.0,52362.0,26606,94931,0,0,0.0
20160512,52439.0,53131.0,51987.0,52255.0,50428,88098,0,0,0.0
