Date,Open,High,Low,Close,Volume,OI,P,R,RINFO
20140519,81500.0,82450.0,81380.0,81560.0,4115,32142,0,0,0.0
20140520,81560.0,83000.0,81400.0,82585.0,8531,30672,0,0,0.0
20140521,82770.0,83450.0,82545.0,83045.0,11508,28465,201409,201409,0.0
20140522,83050.0,84120.0,82915.0,83830.0,15488,19952,0,0,-120.0
20140523,83641.0,84035.0,82870.0,83339.0,17558,23617,0,0,0.0
20140527,83341.0,83755.0,82915.0,83274.0,25331,31813,0,0,0.0
20140528,83541.0,84621.0,83271.0,84195.0,26082,38390,0,0,0.0
20140529,83681.0,84175.0,82890.0,83569.0,8106,39743,0,0,0.0
20140530,83721.0,83870.0,83050.0,83754.0,4018,39947,0,0,0.0
20140602,83746.0,83850.0,83180.0,83383.0,2959,39649,0,0,0.0
20140603,83370.0,83970.0,83255.0,83789.0,2949,40163,0,0,0.0
20140604,83891.0,83920.0,83390.0,83834.0,3076,39979,0,0,0.0
20140605,83846.0,84110.0,83405.0,84064.0,2893,39905,0,0,0.0
20140606,84091.0,84761.0,83791.0,84545.0,6238,39486,0,0,0.0
20140609,84602.0,84761.0,84142.0,84280.0,2209,39273,0,0,0.0
20140610,84437.0,85697.0,84227.0,85577.0,6261,40036,0,0,0.0
20140611,85579.0,86583.0,85319.0,86138.0,4466,40366,0,0,0.0
20140612,86295.0,86443.0,81969.0,82057.0,15700,38626,0,0,0.0
20140613,82630.0,83243.0,80752.0,81376.0,8904,37932,0,0,0.0
20140616,81669.0,82467.0,80947.0,81051.0,4163,38150,0,0,0.0
20140617,81143.0,82021.0,80917.0,81787.0,4003,38299,0,0,0.0
20140618,81849.0,83568.0,81843.0,82383.0,4966,38109,0,0,0.0
20140619,82790.0,84019.0,82569.0,83980.0,5034,38745,0,0,0.0
20140620,83957.0,83969.0,82013.0,82338.0,4444,38544,0,0,0.0
20140623,82285.0,82467.0,81167.0,82383.0,4821,38291,0,0,0.0
20140624,82315.0,83584.0,82063.0,83159.0,4207,38564,0,0,0.0
20140625,83026.0,83594.0,82348.0,83444.0,3655,38766,0,0,0.0
20140626,83366.0,83960.0,82869.0,83699.0,3775,38612,0,0,0.0
20140627,83752.0,84521.0,83650.0,84405.0,3626,39032,0,0,0.0
20140630,84413.0,84922.0,84176.0,84435.0,3139,38719,0,0,0.0
20140701,84543.0,85703.0,84466.0,85582.0,4427,39101,0,0,0.0
20140702,85554.0,86409.0,85142.0,85862.0,5745,39398,0,0,0.0
20140703,85864.0,86870.0,85032.0,86313.0,6306,40334,0,0,0.0
20140707,86595.0,87085.0,85758.0,87019.0,4476,40416,0,0,0.0
20140708,87101.0,87726.0,86729.0,87415.0,4239,40134,0,0,0.0
20140709,87401.0,87726.0,87175.0,87395.0,2946,40080,0,0,0.0
20140710,87426.0,87901.0,86134.0,87485.0,4739,40180,0,0,0.0
20140711,87386.0,87706.0,86625.0,87655.0,3294,40231,0,0,0.0
20140714,87546.0,87611.0,86840.0,87325.0,4725,40210,0,0,0.0
20140715,87346.0,87726.0,86414.0,86980.0,5329,40527,0,0,0.0
20140716,86915.0,87846.0,86825.0,87801.0,4076,41059,0,0,0.0
20140717,87661.0,89128.0,87596.0,88637.0,6713,41616,0,0,0.0
20140718,88462.0,88883.0,87135.0,88276.0,4602,41735,0,0,0.0
20140721,88317.0,88778.0,87731.0,87840.0,3329,41446,0,0,0.0
20140722,87726.0,87882.0,86775.0,87610.0,4025,41244,0,0,0.0
20140723,87375.0,88017.0,87281.0,87555.0,2404,41276,0,0,0.0
20140724,87335.0,87672.0,86905.0,87220.0,4212,41385,0,0,0.0
20140725,87240.0,88218.0,87180.0,88106.0,4067,41386,0,0,0.0
20140728,88231.0,89119.0,87901.0,88201.0,4863,42059,0,0,0.0
20140729,88201.0,88809.0,87936.0,87956.0,4844,41734,0,0,0.0
20140730,88026.0,88453.0,87836.0,88141.0,3585,41401,0,0,0.0
20140731,88271.0,88473.0,87130.0,87495.0,5121,41389,0,0,0.0
20140801,87495.0,87727.0,86284.0,86579.0,6210,40687,0,0,0.0
20140804,86579.0,87201.0,85468.0,85633.0,6141,40193,0,0,0.0
20140805,85768.0,86124.0,83871.0,84957.0,9736,39244,0,0,0.0
20140806,85002.0,85223.0,84156.0,85012.0,5868,38960,0,0,0.0
20140807,85182.0,86204.0,84822.0,85728.0,8680,38484,0,0,0.0
20140808,85768.0,86565.0,85583.0,86174.0,6598,37988,0,0,0.0
20140811,86464.0,87782.0,85883.0,87596.0,7871,36235,0,0,0.0
20140812,87686.0,88533.0,87415.0,87926.0,7603,35348,0,0,0.0
20140813,87956.0,88423.0,87625.0,88287.0,6627,34464,0,0,0.0
20140814,88211.0,88854.0,87890.0,88743.0,5068,34106,0,0,0.0
20140815,88481.0,89730.0,87464.0,89579.0,14365,32511,0,0,0.0
20140818,89603.0,90406.0,89317.0,89619.0,7716,31008,0,0,0.0
20140819,89443.0,89860.0,87785.0,88207.0,10058,28705,0,0,0.0
20140820,88341.0,88428.0,86673.0,86970.0,13319,25639,0,0,0.0
20140821,86824.0,88153.0,86623.0,88117.0,11247,23519,201412,201412,0.0
20140822,88101.0,89044.0,88100.0,88913.0,14403,25045,0,0,85.0
20140825,88911.0,89244.0,88260.0,89193.0,14610,30383,0,0,0.0
20140826,89151.0,89254.0,88540.0,89058.0,21569,36388,0,0,0.0
20140827,88866.0,89534.0,88570.0,89513.0,14329,39792,0,0,0.0
20140828,89531.0,90194.0,89395.0,89853.0,10365,41854,0,0,0.0
20140829,89816.0,91094.0,89610.0,90999.0,6063,42799,0,0,0.0
20140902,90997.0,91344.0,88194.0,88368.0,6063,42799,0,0,0.0
20140903,88301.0,88873.0,87043.0,87638.0,6763,42148,0,0,0.0
20140904,87586.0,89213.0,87353.0,89144.0,5645,41851,0,0,0.0
20140905,89037.0,89348.0,88393.0,89189.0,3150,41757,0,0,0.0
20140908,89032.0,89738.0,88253.0,88659.0,3162,41611,0,0,0.0
20140909,88727.0,88853.0,85597.0,86088.0,7841,42173,0,0,0.0
20140910,86341.0,86542.0,84667.0,84947.0,7430,41289,0,0,0.0
20140911,85476.0,85476.0,83096.0,83361.0,8179,40251,0,0,0.0
20140912,83505.0,83960.0,82236.0,83646.0,8185,39788,0,0,0.0
20140915,83795.0,85106.0,83457.0,83731.0,5343,39332,0,0,0.0
20140916,83605.0,84741.0,83357.0,84471.0,4682,39712,0,0,0.0
20140917,84150.0,84711.0,83367.0,83946.0,2687,35011,0,0,0.0
20140918,83440.0,83450.0,82056.0,83206.0,4809,34942,0,0,0.0
20140919,83090.0,83415.0,80735.0,81300.0,7087,35247,0,0,0.0
20140922,81384.0,81699.0,80065.0,80355.0,5099,34703,0,0,0.0
20140923,80203.0,81939.0,80200.0,81621.0,5220,34207,0,0,0.0
20140924,81399.0,82584.0,81396.0,82046.0,5502,34713,0,0,0.0
20140925,81729.0,81729.0,79585.0,80315.0,7272,34309,0,0,0.0
20140926,80388.0,81039.0,77834.0,78419.0,6665,34476,0,0,0.0
20140929,77972.0,79388.0,77884.0,78989.0,4988,33941,0,0,0.0
20140930,79058.0,79388.0,76769.0,77553.0,6292,33731,0,0,0.0
20141001,77492.0,78583.0,76424.0,78493.0,5432,33996,0,0,0.0
20141002,78037.0,78778.0,76834.0,76902.0,4268,33596,0,0,0.0
20141003,77002.0,77422.0,75258.0,75491.0,7425,33448,0,0,0.0
20141006,75651.0,76927.0,73532.0,76647.0,4860,33132,0,0,0.0
20141007,76857.0,79038.0,76818.0,78738.0,6194,32760,0,0,0.0
20141008,78688.0,80549.0,78504.0,79683.0,5390,32866,0,0,0.0
20141009,80504.0,81314.0,79484.0,80088.0,5737,32702,0,0,0.0
20141010,79669.0,79693.0,78133.0,78542.0,4980,32719,0,0,0.0
20141013,78628.0,79423.0,78228.0,78632.0,3022,32787,0,0,0.0
20141014,78473.0,79738.0,78468.0,79547.0,2874,32647,0,0,0.0
20141015,79288.0,79288.0,76232.0,76461.0,8451,32241,0,0,0.0
20141016,76697.0,77162.0,73026.0,74635.0,12216,32122,0,0,0.0
20141017,74236.0,76137.0,74056.0,75706.0,5592,31516,0,0,0.0
20141020,75437.0,76507.0,75402.0,76266.0,3224,31286,0,0,0.0
20141021,76322.0,77798.0,75947.0,77637.0,3601,30768,0,0,0.0
20141022,77623.0,78438.0,76882.0,77707.0,3470,30424,0,0,0.0
20141023,77008.0,78323.0,76482.0,77967.0,4202,30905,0,0,0.0
20141024,78239.0,79038.0,77833.0,78127.0,3122,30702,0,0,0.0
20141027,78019.0,78908.0,77753.0,78752.0,2956,30809,0,0,0.0
20141028,78624.0,80234.0,78038.0,79372.0,3664,30938,0,0,0.0
20141029,79529.0,80339.0,79183.0,80107.0,3744,30097,0,0,0.0
20141030,79574.0,79584.0,77537.0,78106.0,5403,30258,0,0,0.0
20141031,77958.0,79644.0,77092.0,79217.0,5514,30400,0,0,0.0
20141103,79389.0,80940.0,78853.0,80478.0,5255,29836,0,0,0.0
20141104,80404.0,80585.0,78333.0,79102.0,5786,29551,0,0,0.0
20141105,78683.0,78794.0,75542.0,75820.0,7920,29330,0,0,0.0
20141106,75997.0,76238.0,74677.0,75295.0,5822,29195,0,0,0.0
20141107,75187.0,77749.0,74822.0,77291.0,6422,28294,0,0,0.0
20141110,77143.0,77689.0,76133.0,76661.0,6736,27161,0,0,0.0
20141111,76233.0,77514.0,75533.0,77306.0,4533,26674,0,0,0.0
20141112,77309.0,78414.0,76999.0,77401.0,7869,24626,0,0,0.0
20141113,77439.0,78054.0,76444.0,77121.0,6934,23053,0,0,0.0
20141114,76974.0,77429.0,75183.0,77171.0,9066,21802,0,0,0.0
20141117,77039.0,77619.0,76193.0,76906.0,5564,20535,0,0,0.0
20141118,77089.0,77824.0,76583.0,77706.0,3629,20220,0,0,0.0
20141119,77404.0,78039.0,76343.0,77031.0,11583,17651,0,0,0.0
20141120,76439.0,77324.0,76208.0,76751.0,12760,13722,201503,201503,0.0
20141121,77019.0,79375.0,76878.0,79342.0,13051,23303,0,0,325.0
20141124,79141.0,79848.0,78497.0,78879.0,15040,26551,0,0,0.0
20141125,78947.0,79753.0,78851.0,79397.0,18197,30231,0,0,0.0
20141126,79231.0,80211.0,78861.0,79960.0,8220,30787,0,0,0.0
20141128,80128.0,81317.0,79060.0,81036.0,7498,30905,0,0,0.0
20141201,80950.0,80958.0,78841.0,80518.0,6449,31046,0,0,0.0
20141202,80253.0,80903.0,79319.0,80085.0,4001,31059,0,0,0.0
20141203,79999.0,81177.0,79105.0,79467.0,3934,31234,0,0,0.0
20141204,79287.0,80470.0,79279.0,79925.0,2945,30983,0,0,0.0
20141205,79546.0,80365.0,79349.0,79980.0,2428,31112,0,0,0.0
20141208,80039.0,80480.0,79349.0,79492.0,2615,31201,0,0,0.0
20141209,79705.0,80973.0,79284.0,80867.0,4194,31345,0,0,0.0
20141210,80562.0,81954.0,80514.0,81843.0,4995,31146,0,0,0.0
20141211,81100.0,82004.0,81072.0,81664.0,4321,31469,0,0,0.0
20141212,81733.0,81740.0,80843.0,81360.0,2243,31426,0,0,0.0
20141215,81180.0,81461.0,79309.0,79965.0,3243,31498,0,0,0.0
20141216,79421.0,80470.0,77855.0,78117.0,5499,31431,0,0,0.0
20141217,77737.0,79010.0,77207.0,77644.0,4374,31624,0,0,0.0
20141218,77543.0,79244.0,77536.0,78929.0,3553,31297,0,0,0.0
20141219,79127.0,80470.0,78532.0,80219.0,3132,31411,0,0,0.0
20141222,80347.0,81432.0,80061.0,81230.0,3452,31696,0,0,0.0
20141223,80940.0,81312.0,80400.0,81110.0,2474,31973,0,0,0.0
20141224,80810.0,81247.0,80166.0,80487.0,993,32090,0,0,0.0
20141226,80277.0,81626.0,80271.0,81563.0,1134,32029,0,0,0.0
20141229,81552.0,81606.0,80525.0,80905.0,2460,32443,0,0,0.0
20141231,80277.0,80460.0,79200.0,79550.0,2022,32606,0,0,0.0
20150102,79430.0,80002.0,78831.0,79196.0,2307,32593,0,0,0.0
20150105,79729.0,80221.0,78906.0,79032.0,3890,32121,0,0,0.0
20150106,79106.0,80709.0,79100.0,79749.0,4747,31773,0,0,0.0
20150107,79933.0,80156.0,78283.0,78957.0,5427,32058,0,0,0.0
20150108,78892.0,79414.0,78323.0,79022.0,3137,32149,0,0,0.0
20150109,78917.0,80062.0,78806.0,79724.0,3028,31976,0,0,0.0
20150112,80023.0,81203.0,79747.0,81114.0,4011,32227,0,0,0.0
20150113,80760.0,81706.0,80469.0,81273.0,5106,32118,0,0,0.0
20150114,81462.0,81472.0,76330.0,77781.0,9987,31883,0,0,0.0
20150115,77382.0,78717.0,76220.0,76356.0,8640,31922,0,0,0.0
20150116,76595.0,77222.0,74317.0,75155.0,8540,32131,0,0,0.0
20150120,75225.0,78044.0,74855.0,77591.0,8890,32547,0,0,0.0
20150121,77218.0,78019.0,76140.0,76545.0,3324,32623,0,0,0.0
20150122,76545.0,77456.0,75532.0,76949.0,3452,32587,0,0,0.0
20150123,77422.0,77451.0,75916.0,77128.0,3475,32784,0,0,0.0
20150126,77502.0,77969.0,75513.0,77900.0,4785,32075,0,0,0.0
20150127,77796.0,78218.0,77027.0,77790.0,2851,31867,0,0,0.0
20150128,77726.0,79528.0,77251.0,79339.0,5225,31500,0,0,0.0
20150129,79290.0,79354.0,76454.0,76878.0,5329,31705,0,0,0.0
20150130,77073.0,78118.0,76733.0,76958.0,3596,31196,0,0,0.0
20150202,76824.0,78576.0,76434.0,78512.0,4248,31158,0,0,0.0
20150203,78418.0,79413.0,78078.0,78313.0,5031,30877,0,0,0.0
20150204,78259.0,79612.0,78128.0,78731.0,3741,30589,0,0,0.0
20150205,78941.0,79423.0,78193.0,79279.0,3752,30595,0,0,0.0
20150206,78911.0,79463.0,77804.0,77844.0,4555,29839,0,0,0.0
20150209,78009.0,78467.0,77306.0,77680.0,5584,28592,0,0,0.0
20150210,77660.0,78118.0,76071.0,76290.0,6838,27586,0,0,0.0
20150211,76763.0,77774.0,76196.0,76375.0,5787,26348,0,0,0.0
20150212,76713.0,77644.0,76555.0,77082.0,5787,25046,0,0,0.0
20150213,77226.0,79213.0,76958.0,79154.0,6635,23835,0,0,0.0
20150217,78830.0,79153.0,77332.0,78038.0,6899,22481,0,0,0.0
20150218,77923.0,78216.0,77247.0,77375.0,8076,20265,0,0,0.0
20150219,77350.0,78719.0,77227.0,78391.0,12550,16724,201506,201506,0.0
20150220,78386.0,78629.0,77476.0,77778.0,10354,20965,0,0,20.0
20150223,77744.0,78569.0,77267.0,78450.0,11237,24210,0,0,0.0
20150224,78272.0,79650.0,78099.0,78838.0,11422,26699,0,0,0.0
20150225,78974.0,80686.0,78901.0,80611.0,17061,30561,0,0,0.0
20150226,80588.0,81343.0,80365.0,80785.0,10908,31718,0,0,0.0
20150227,80732.0,81682.0,80111.0,81627.0,4438,32237,0,0,0.0
20150302,81554.0,83037.0,81082.0,82782.0,6899,32316,0,0,0.0
20150303,82615.0,82967.0,81819.0,82837.0,4528,32474,0,0,0.0
20150304,82725.0,82937.0,81779.0,82737.0,4047,32695,0,0,0.0
20150305,82526.0,82827.0,81869.0,82179.0,2995,32883,0,0,0.0
20150306,82332.0,82678.0,80913.0,81492.0,5025,32998,0,0,0.0
20150309,81505.0,82583.0,81471.0,81970.0,2568,33151,0,0,0.0
20150310,81898.0,82155.0,79778.0,80092.0,5697,32482,0,0,0.0
20150311,80030.0,80516.0,78409.0,78628.0,3120,31939,0,0,0.0
20150312,78685.0,79639.0,78240.0,78384.0,3132,31643,0,0,0.0
20150313,78814.0,79500.0,78424.0,78558.0,3165,30975,0,0,0.0
20150316,79043.0,79131.0,77582.0,77701.0,3955,30739,0,0,0.0
20150317,77803.0,77976.0,75207.0,75913.0,6690,30794,0,0,0.0
20150318,75995.0,78584.0,75406.0,76162.0,5153,30540,0,0,0.0
20150319,77708.0,78464.0,76198.0,76277.0,3331,30728,0,0,0.0
20150320,76493.0,77747.0,76198.0,77602.0,3329,30553,0,0,0.0
20150323,77599.0,77896.0,76711.0,76765.0,3119,30229,0,0,0.0
20150324,77380.0,77398.0,75999.0,76068.0,3398,30499,0,0,0.0
20150325,75996.0,76676.0,75865.0,76237.0,2695,30595,0,0,0.0
20150326,76066.0,77627.0,75910.0,77029.0,3745,30322,0,0,0.0
20150327,76738.0,76840.0,73515.0,73807.0,9437,31063,0,0,0.0
20150330,73556.0,74409.0,72011.0,72612.0,7102,30828,0,0,0.0
20150331,72739.0,73647.0,72056.0,73240.0,5214,30613,0,0,0.0
20150401,73088.0,74703.0,72987.0,74590.0,4828,30944,0,0,0.0
20150402,74557.0,75201.0,73764.0,74336.0,3134,31067,0,0,0.0
20150406,74502.0,77497.0,74377.0,76577.0,3990,30113,0,0,0.0
20150407,76494.0,77442.0,76160.0,76597.0,4833,30053,0,0,0.0
20150408,76638.0,76999.0,74860.0,75272.0,4835,30065,0,0,0.0
20150409,75184.0,76152.0,74910.0,75939.0,2800,29656,0,0,0.0
20150410,75787.0,77596.0,75742.0,77299.0,2800,29656,0,0,0.0
20150413,77490.0,78492.0,76210.0,76836.0,4517,29510,0,0,0.0
20150414,76633.0,76774.0,75199.0,75950.0,3310,29507,0,0,0.0
20150415,76135.0,77197.0,75553.0,76408.0,2028,29091,0,0,0.0
20150416,76832.0,78044.0,76494.0,77668.0,3304,29319,0,0,0.0
20150417,77689.0,78288.0,77400.0,77987.0,2605,29120,0,0,0.0
20150420,77933.0,78442.0,76140.0,76936.0,3226,28887,0,0,0.0
20150421,76817.0,77595.0,76499.0,77150.0,2772,29036,0,0,0.0
20150422,76593.0,77072.0,75199.0,75292.0,4305,28773,0,0,0.0
20150423,75343.0,77371.0,75199.0,76686.0,3213,29321,0,0,0.0
20150424,76528.0,77466.0,76519.0,76721.0,2179,28863,0,0,0.0
20150427,76697.0,78238.0,76394.0,77936.0,4132,28943,0,0,0.0
20150428,77489.0,77939.0,76777.0,77807.0,2417,28918,0,0,0.0
20150429,77310.0,78193.0,76916.0,78166.0,2302,28978,0,0,0.0
20150430,77813.0,78138.0,76592.0,77344.0,3338,28814,0,0,0.0
20150501,77340.0,77794.0,76741.0,77070.0,1881,28618,0,0,0.0
20150504,77061.0,78093.0,76900.0,77956.0,2197,28596,0,0,0.0
20150505,77708.0,79488.0,77463.0,79181.0,5607,28297,0,0,0.0
20150506,79117.0,79368.0,78484.0,78952.0,2465,27932,0,0,0.0
20150507,78883.0,79094.0,77548.0,78265.0,3612,27778,0,0,0.0
20150508,77663.0,79985.0,77568.0,79918.0,4861,26776,0,0,0.0
20150511,79680.0,79920.0,76791.0,77737.0,6098,26173,0,0,0.0
20150512,77763.0,78685.0,77762.0,78205.0,3753,25520,0,0,0.0
20150513,78271.0,79034.0,77926.0,78628.0,3915,24318,0,0,0.0
20150514,78291.0,78700.0,77239.0,77642.0,4099,23483,0,0,0.0
20150515,77664.0,79258.0,77662.0,79181.0,3661,22586,0,0,0.0
20150518,79019.0,79542.0,78055.0,78987.0,2471,21838,0,0,0.0
20150519,78322.0,78511.0,77159.0,77209.0,3974,21220,0,0,0.0
20150520,77172.0,78382.0,76985.0,77378.0,4284,20560,0,0,0.0
20150521,77476.0,77814.0,77070.0,77303.0,5168,18945,201509,201509,0.0
20150522,77800.0,78168.0,76607.0,78085.0,3647,15776,0,0,155.0
20150526,77845.0,78546.0,77323.0,77658.0,7889,18454,0,0,0.0
20150527,77572.0,78362.0,77487.0,78095.0,6367,23291,0,0,0.0
20150528,78024.0,78516.0,77666.0,78095.0,5007,26425,0,0,0.0
20150529,77920.0,78287.0,77154.0,77250.0,3758,28195,0,0,0.0
20150601,77353.0,77531.0,76746.0,76818.0,4067,28390,0,0,0.0
20150602,76980.0,77228.0,76040.0,76400.0,3451,28494,0,0,0.0
20150603,76453.0,76542.0,74773.0,75351.0,4770,28752,0,0,0.0
20150604,75260.0,75652.0,74867.0,75083.0,3062,29639,0,0,0.0
20150605,75051.0,75339.0,74251.0,74651.0,3213,30195,0,0,0.0
20150608,74465.0,75006.0,73754.0,73935.0,2794,30636,0,0,0.0
20150609,74043.0,74807.0,73506.0,73552.0,3535,31187,0,0,0.0
20150610,73635.0,74419.0,73431.0,73910.0,3512,31825,0,0,0.0
20150611,73943.0,74285.0,73317.0,73845.0,2569,32622,0,0,0.0
20150612,74127.0,74235.0,73158.0,73378.0,2821,32511,0,0,0.0
20150615,73163.0,73564.0,72810.0,72980.0,3268,32652,0,0,0.0
20150616,72964.0,73663.0,72750.0,72846.0,2271,33002,0,0,0.0
20150617,72875.0,72917.0,71348.0,71608.0,4798,33250,0,0,0.0
20150618,71841.0,72271.0,71224.0,71439.0,4574,33927,0,0,0.0
20150619,71697.0,71699.0,70111.0,70321.0,3861,34614,0,0,0.0
20150622,70156.0,70456.0,68635.0,69133.0,5911,34139,0,0,0.0
20150623,69077.0,69984.0,68834.0,69163.0,4037,34163,0,0,0.0
20150624,69221.0,69974.0,68933.0,69158.0,3205,34104,0,0,0.0
20150625,69132.0,69482.0,66597.0,67533.0,6238,34474,0,0,0.0
20150626,67348.0,67698.0,66448.0,67458.0,4168,35182,0,0,0.0
20150629,67030.0,67792.0,66120.0,66250.0,3721,35184,0,0,0.0
20150630,66185.0,67116.0,66006.0,66866.0,3486,35655,0,0,0.0
20150701,67065.0,69810.0,66930.0,69704.0,6476,35961,0,0,0.0
20150702,69386.0,69865.0,68486.0,69003.0,5205,35154,0,0,0.0
20150706,68869.0,68871.0,66105.0,67214.0,3924,35320,0,0,0.0
20150707,67646.0,67971.0,63705.0,64853.0,7508,35233,0,0,0.0
20150708,64614.0,65163.0,62547.0,64962.0,6228,34695,0,0,0.0
20150709,64887.0,66043.0,63208.0,63421.0,4847,34724,0,0,0.0
20150710,63644.0,65114.0,63218.0,64649.0,3818,34329,0,0,0.0
20150713,64658.0,66367.0,63715.0,65504.0,5220,34093,0,0,0.0
20150714,65508.0,66133.0,64729.0,65320.0,3734,34014,0,0,0.0
20150715,64951.0,65596.0,63318.0,63908.0,4441,34113,0,0,0.0
20150716,63818.0,64398.0,62140.0,62820.0,3637,34320,0,0,0.0
20150717,62650.0,62658.0,61002.0,61533.0,3395,34458,0,0,0.0
20150720,61482.0,61485.0,59143.0,60842.0,4838,34449,0,0,0.0
20150721,60239.0,62668.0,59575.0,62572.0,4646,34065,0,0,0.0
20150722,62237.0,62618.0,60867.0,62304.0,3851,33968,0,0,0.0
20150723,62381.0,63771.0,60986.0,61419.0,3679,33658,0,0,0.0
20150724,61407.0,62419.0,60633.0,61891.0,2987,33705,0,0,0.0
20150727,61710.0,62782.0,60757.0,60947.0,3602,33874,0,0,0.0
20150728,60935.0,61947.0,60807.0,61792.0,2095,34233,0,0,0.0
20150729,61556.0,62330.0,60926.0,61196.0,2629,34022,0,0,0.0
20150730,61745.0,62067.0,61229.0,61688.0,2519,34135,0,0,0.0
20150731,61616.0,61724.0,60295.0,60724.0,3513,34173,0,0,0.0
20150803,60637.0,62286.0,58893.0,59964.0,5850,34625,0,0,0.0
20150804,59245.0,60044.0,58302.0,59507.0,5391,34818,0,0,0.0
20150805,59389.0,59592.0,58645.0,58950.0,2659,33478,0,0,0.0
20150806,58842.0,59895.0,58839.0,59626.0,2844,33150,0,0,0.0
20150807,59304.0,60342.0,59271.0,59338.0,3218,32457,0,0,0.0
20150810,59339.0,61187.0,58943.0,60263.0,4496,32063,0,0,0.0
20150811,60562.0,61734.0,59365.0,59572.0,5688,31144,0,0,0.0
20150812,59464.0,62311.0,59151.0,61943.0,6242,30796,0,0,0.0
20150813,62277.0,62281.0,60940.0,61207.0,4564,30163,0,0,0.0
20150814,60990.0,62013.0,60761.0,61386.0,3554,29040,0,0,0.0
20150817,61248.0,61605.0,60517.0,61018.0,3166,28179,0,0,0.0
20150818,60880.0,61078.0,58564.0,59348.0,4645,27647,0,0,0.0
20150819,59245.0,60989.0,58619.0,60615.0,5223,26652,0,0,0.0
20150820,60761.0,62063.0,60567.0,61957.0,6547,24997,201512,201512,0.0
20150821,62053.0,62133.0,59558.0,60093.0,3335,12469,0,0,-10.0
20150824,59707.0,60040.0,56093.0,57175.0,6432,14658,0,0,0.0
20150825,57167.0,57251.0,52514.0,53606.0,9169,18371,0,0,0.0
20150826,53503.0,54387.0,51614.0,52597.0,5605,22529,0,0,0.0
20150827,52991.0,56559.0,52881.0,56465.0,8977,24284,0,0,0.0
20150828,56103.0,58856.0,55575.0,58677.0,8508,26796,0,0,0.0
20150831,58673.0,60154.0,57563.0,59880.0,4358,28358,0,0,0.0
20150901,59603.0,59607.0,56564.0,57588.0,4106,28337,0,0,0.0
20150902,56904.0,58429.0,56465.0,58001.0,3962,28302,0,0,0.0
20150903,58102.0,58876.0,56912.0,57822.0,3075,27889,0,0,0.0
20150904,57262.0,57971.0,56788.0,57385.0,2434,27643,0,0,0.0
20150908,57347.0,59507.0,56872.0,58320.0,3955,27436,0,0,0.0
20150909,58649.0,59159.0,57200.0,57465.0,2895,27276,0,0,0.0
20150910,57436.0,59035.0,57031.0,58912.0,2435,27353,0,0,0.0
20150911,58733.0,59358.0,57319.0,58763.0,3807,27332,0,0,0.0
20150914,58962.0,59537.0,57935.0,58445.0,2576,27439,0,0,0.0
20150915,58405.0,60039.0,57522.0,59703.0,3461,27636,0,0,0.0
20150916,59832.0,60949.0,59048.0,60846.0,2913,27455,0,0,0.0
20150917,60588.0,61476.0,59088.0,59578.0,3539,27300,0,0,0.0
20150918,60707.0,60884.0,59843.0,60736.0,2605,27043,0,0,0.0
20150921,60404.0,61535.0,59744.0,61258.0,2694,26924,0,0,0.0
20150922,61055.0,61247.0,59008.0,60746.0,4659,26820,0,0,0.0
20150923,60493.0,64727.0,60340.0,64201.0,8302,26920,0,0,0.0
20150924,64410.0,65920.0,63362.0,65270.0,7317,26528,0,0,0.0
20150925,64872.0,67411.0,64714.0,66379.0,4775,26156,0,0,0.0
20150928,66209.0,66631.0,64018.0,64813.0,4257,26035,0,0,0.0
20150929,64330.0,65587.0,63441.0,65395.0,3315,26293,0,0,0.0
20150930,65478.0,66546.0,64380.0,64724.0,4240,26351,0,0,0.0
20151001,64991.0,67863.0,64668.0,67553.0,6311,26429,0,0,0.0
20151002,67307.0,69658.0,67074.0,69363.0,5587,26281,0,0,0.0
20151005,69569.0,70916.0,68063.0,68528.0,4920,25926,0,0,0.0
20151006,69181.0,71070.0,68177.0,70367.0,5069,26095,0,0,0.0
20151007,70483.0,70990.0,68689.0,69552.0,3412,25848,0,0,0.0
20151008,69593.0,70493.0,68262.0,69915.0,3558,25462,0,0,0.0
20151009,70060.0,72079.0,69743.0,70412.0,4684,25400,0,0,0.0
20151012,70403.0,71358.0,68789.0,69070.0,3996,25319,0,0,0.0
20151013,69165.0,69499.0,67705.0,68145.0,4362,24751,0,0,0.0
20151014,68007.0,70046.0,67819.0,69686.0,3580,24576,0,0,0.0
20151015,69841.0,70394.0,69126.0,70099.0,2382,24696,0,0,0.0
20151016,69965.0,70096.0,68917.0,69542.0,2607,24566,0,0,0.0
20151019,69796.0,69803.0,67297.0,68418.0,3457,24470,0,0,0.0
20151020,68151.0,69599.0,67719.0,69089.0,2454,24573,0,0,0.0
20151021,69110.0,69301.0,66859.0,67329.0,4265,24637,0,0,0.0
20151022,67504.0,68356.0,66367.0,68169.0,2723,24093,0,0,0.0
20151023,68115.0,69977.0,68107.0,68989.0,4147,24184,0,0,0.0
20151026,68975.0,69052.0,67401.0,68000.0,3327,24735,0,0,0.0
20151027,67991.0,68157.0,67098.0,67488.0,2778,24543,0,0,0.0
20151028,67534.0,68853.0,66676.0,68219.0,3444,24621,0,0,0.0
20151029,67365.0,67908.0,66383.0,66698.0,2653,24640,0,0,0.0
20151030,66719.0,68599.0,66632.0,67339.0,2616,24355,0,0,0.0
20151102,67231.0,67237.0,64211.0,64664.0,6170,24092,0,0,0.0
20151103,64253.0,65134.0,63600.0,64033.0,3651,24333,0,0,0.0
20151104,64318.0,64791.0,61731.0,61985.0,4515,24250,0,0,0.0
20151105,62156.0,62783.0,59922.0,60285.0,4353,24846,0,0,0.0
20151106,60202.0,62296.0,59410.0,60946.0,5518,24032,0,0,0.0
20151109,61410.0,61764.0,59147.0,59355.0,4237,23681,0,0,0.0
20151110,59675.0,61237.0,59207.0,59440.0,4332,23234,0,0,0.0
20151111,59153.0,59954.0,57129.0,57372.0,5345,22714,0,0,0.0
20151112,57249.0,58000.0,55434.0,55552.0,4944,22024,0,0,0.0
20151113,55822.0,56195.0,53023.0,53618.0,7952,21464,0,0,0.0
20151116,53685.0,55022.0,53629.0,54841.0,4550,20267,0,0,0.0
20151117,54878.0,55643.0,53366.0,54339.0,5811,20173,0,0,0.0
20151118,53998.0,54818.0,52437.0,52902.0,4555,19471,0,0,0.0
20151119,53357.0,54669.0,52348.0,53792.0,5112,19606,201603,201603,0.0
20151120,53968.0,56071.0,53774.0,55562.0,4391,10015,0,0,40.0
20151123,56064.0,56071.0,53446.0,53833.0,6860,12981,0,0,0.0
20151124,54152.0,54188.0,53054.0,53878.0,6306,18722,0,0,0.0
20151125,53645.0,55842.0,52513.0,54847.0,7710,22830,0,0,0.0
20151127,55085.0,56632.0,54341.0,54713.0,5474,25177,0,0,0.0
20151130,54703.0,54804.0,53641.0,53973.0,2879,25858,0,0,0.0
20151201,53844.0,55142.0,53447.0,53576.0,3288,26115,0,0,0.0
20151202,53884.0,54034.0,51907.0,52245.0,3251,26331,0,0,0.0
20151203,52255.0,53552.0,52076.0,53338.0,3319,26408,0,0,0.0
20151204,53482.0,57079.0,53223.0,56324.0,5923,26554,0,0,0.0
20151207,56532.0,56538.0,54241.0,55191.0,3730,25926,0,0,0.0
20151208,54863.0,55763.0,54335.0,54441.0,3854,25793,0,0,0.0
20151209,54590.0,55266.0,54062.0,54883.0,2666,25531,0,0,0.0
20151210,54898.0,55390.0,53650.0,53879.0,3045,25375,0,0,0.0
20151211,53875.0,54545.0,53650.0,54132.0,2749,25222,0,0,0.0
20151214,54054.0,54783.0,53869.0,54520.0,2647,25254,0,0,0.0
20151215,54168.0,56512.0,54162.0,56333.0,3572,24901,0,0,0.0
20151216,56329.0,57004.0,55786.0,56830.0,2948,24225,0,0,0.0
20151217,56826.0,56830.0,54758.0,55389.0,3423,23693,0,0,0.0
20151218,55187.0,55941.0,54137.0,55538.0,2552,23684,0,0,0.0
20151221,55763.0,55837.0,54663.0,54987.0,2679,23649,0,0,0.0
20151222,54710.0,55549.0,54633.0,55111.0,1354,23560,0,0,0.0
20151223,55420.0,55738.0,54578.0,54967.0,1746,23432,0,0,0.0
20151228,55624.0,56125.0,54732.0,54843.0,1963,23559,0,0,0.0
20151229,54760.0,55549.0,54687.0,55280.0,1651,23673,0,0,0.0
20151230,55411.0,55932.0,53699.0,54545.0,2581,23783,0,0,0.0
20151231,54000.0,55962.0,53992.0,55842.0,2018,24217,0,0,0.0
20160104,55912.0,55967.0,53471.0,54073.0,4784,24115,0,0,0.0
20160105,53493.0,54511.0,53049.0,53233.0,3586,24363,0,0,0.0
20160106,53269.0,53508.0,49975.0,50183.0,6995,24643,0,0,0.0
20160107,50512.0,50801.0,48088.0,48986.0,7381,25715,0,0,0.0
20160108,49076.0,50225.0,48535.0,49046.0,3475,25961,0,0,0.0
20160111,49205.0,49336.0,46990.0,47128.0,4017,26037,0,0,0.0
20160112,47685.0,47856.0,44849.0,46681.0,5422,26550,0,0,0.0
20160113,46513.0,49674.0,46414.0,48355.0,6323,26053,0,0,0.0
20160114,48162.0,49182.0,47581.0,48812.0,4201,25777,0,0,0.0
20160115,48892.0,49550.0,47958.0,48395.0,3888,25255,0,0,0.0
20160119,49175.0,50270.0,48509.0,49374.0,5082,25282,0,0,0.0
20160120,49130.0,49306.0,48012.0,48589.0,4041,24967,0,0,0.0
20160121,49090.0,49808.0,48881.0,49583.0,3454,25384,0,0,0.0
20160122,49691.0,50583.0,49318.0,49667.0,3589,24815,0,0,0.0
20160125,49691.0,49912.0,48583.0,48803.0,3489,24390,0,0,0.0
20160126,48678.0,49862.0,48469.0,48962.0,3280,24536,0,0,0.0
20160127,49229.0,50076.0,48911.0,49906.0,2633,24361,0,0,0.0
20160128,49671.0,50235.0,48707.0,48888.0,3288,24234,0,0,0.0
20160129,48976.0,49977.0,48921.0,49534.0,3764,24443,0,0,0.0
20160201,49532.0,50340.0,49189.0,49917.0,3975,23928,0,0,0.0
20160202,50168.0,50206.0,48712.0,48819.0,3557,23708,0,0,0.0
20160203,49011.0,51304.0,48633.0,51229.0,5622,23922,0,0,0.0
20160204,50690.0,51453.0,50262.0,51234.0,4235,23475,0,0,0.0
20160205,51226.0,51567.0,49467.0,49555.0,5124,23554,0,0,0.0
20160208,50014.0,51587.0,49080.0,51483.0,6439,23591,0,0,0.0
20160209,51360.0,51587.0,50759.0,51359.0,4379,22197,0,0,0.0
20160210,51236.0,52188.0,50421.0,52139.0,6556,21443,0,0,0.0
20160211,51907.0,52799.0,51678.0,52114.0,4977,20011,0,0,0.0
20160212,52299.0,52764.0,51723.0,52367.0,3409,19854,0,0,0.0
20160216,52130.0,52138.0,50283.0,50638.0,5706,18966,0,0,0.0
20160217,50719.0,51318.0,50492.0,51264.0,3537,18303,0,0,0.0
20160218,51126.0,51487.0,49305.0,50166.0,4059,18018,0,0,0.0
20160219,50108.0,50215.0,49380.0,49590.0,4734,16742,201606,201606,0.0
20160222,49671.0,49977.0,49281.0,49540.0,3346,13311,0,0,70.0
20160223,49443.0,49878.0,49102.0,49649.0,6736,15988,0,0,0.0
20160224,49795.0,49809.0,48135.0,48379.0,7447,19671,0,0,0.0
20160225,48312.0,49075.0,47659.0,47982.0,7153,22151,0,0,0.0
20160226,48074.0,49050.0,47714.0,47873.0,5155,24612,0,0,0.0
20160229,48277.0,49531.0,47922.0,49183.0,3657,25679,0,0,0.0
20160301,49076.0,51917.0,48730.0,51336.0,6577,25503,0,0,0.0
20160302,51234.0,51818.0,50545.0,51133.0,3224,24630,0,0,0.0
20160303,51289.0,53996.0,50857.0,53802.0,7875,24566,0,0,0.0
20160304,53695.0,55946.0,53069.0,55866.0,6293,23452,0,0,0.0
20160307,55138.0,57494.0,54805.0,57315.0,5384,23105,0,0,0.0
20160308,57340.0,57712.0,55390.0,56248.0,4739,22743,0,0,0.0
20160309,55579.0,56695.0,54527.0,56179.0,4111,22703,0,0,0.0
20160310,56249.0,57146.0,55464.0,56953.0,3149,22553,0,0,0.0
20160311,56745.0,58133.0,56491.0,57548.0,3341,22313,0,0,0.0
20160314,57365.0,57374.0,56045.0,56839.0,3538,22040,0,0,0.0
20160315,56765.0,56803.0,55465.0,56631.0,3497,21698,0,0,0.0
20160316,56438.0,58043.0,55951.0,57306.0,3687,21402,0,0,0.0
20160317,57733.0,59432.0,57434.0,59320.0,4210,21481,0,0,0.0
20160318,59038.0,59273.0,58024.0,58551.0,2516,21692,0,0,0.0
20160321,58621.0,59972.0,58044.0,59831.0,3181,21581,0,0,0.0
20160322,59802.0,60339.0,59398.0,60094.0,2727,21701,0,0,0.0
20160323,60219.0,60324.0,57543.0,57861.0,3879,21772,0,0,0.0
20160324,57838.0,58141.0,56561.0,56824.0,4104,21889,0,0,0.0
20160328,56846.0,57997.0,56144.0,56263.0,2483,21917,0,0,0.0
20160329,56345.0,57476.0,55093.0,56878.0,3435,21944,0,0,0.0
20160330,57297.0,57476.0,55872.0,56198.0,2499,21995,0,0,0.0
20160331,56077.0,57139.0,55748.0,55965.0,2861,21668,0,0,0.0
20160401,55978.0,57055.0,55252.0,55657.0,3516,21575,0,0,0.0
20160404,55690.0,56132.0,54558.0,54814.0,3171,21489,0,0,0.0
20160405,54802.0,55810.0,53665.0,53946.0,3920,21604,0,0,0.0
20160406,54266.0,55259.0,53268.0,53380.0,4365,21984,0,0,0.0
20160407,53939.0,54054.0,52871.0,52968.0,3656,22312,0,0,0.0
20160408,53245.0,53975.0,53030.0,53449.0,3396,22498,0,0,0.0
20160411,54019.0,54928.0,53620.0,54129.0,4042,22499,0,0,0.0
20160412,54287.0,55126.0,53689.0,53995.0,3296,22459,0,0,0.0
20160413,54173.0,54709.0,53332.0,53831.0,3639,22936,0,0,0.0
20160414,54084.0,56356.0,53079.0,55657.0,5191,23244,0,0,0.0
20160415,55929.0,56669.0,55504.0,56386.0,3024,23059,0,0,0.0
20160418,56514.0,56555.0,55697.0,56361.0,2524,22933,0,0,0.0
20160419,56296.0,58182.0,55940.0,57765.0,3940,22718,0,0,0.0
20160420,57948.0,59472.0,57601.0,59243.0,4738,22611,0,0,0.0
20160421,59173.0,61303.0,58712.0,60533.0,6561,22368,0,0,0.0
20160422,60056.0,61422.0,59724.0,60151.0,5830,21836,0,0,0.0
20160425,60120.0,60430.0,59020.0,60091.0,3198,21211,0,0,0.0
20160426,60065.0,60579.0,58822.0,59982.0,3895,20790,0,0,0.0
20160427,60001.0,61120.0,59467.0,60493.0,3621,20352,0,0,0.0
20160428,60651.0,62271.0,60320.0,61952.0,4116,20139,0,0,0.0
20160429,61980.0,63114.0,61763.0,62279.0,4638,19959,0,0,0.0
20160502,62183.0,62682.0,61217.0,61991.0,3271,19705,0,0,0.0
20160503,61781.0,62111.0,59556.0,60413.0,4881,19517,0,0,0.0
20160504,60293.0,60434.0,58881.0,59183.0,4592,18696,0,0,0.0
20160505,59375.0,60518.0,59218.0,59605.0,3165,18417,0,0,0.0
20160506,59717.0,60424.0,59307.0,60250.0,4177,18390,0,0,0.0
20160509,59846.0,60245.0,57135.0,57958.0,6573,18228,0,0,0.0
20160510,57778.0,59312.0,57398.0,58762.0,4268,17876,0,0,0.0
20160511,59291.0,60770.0,58950.0,60335.0,4288,17627,0,0,0.0
20160512,60551.0,60820.0,58900.0,59204.0,3769,17323,0,0,0.0
20160513,58949.0,59684.0,58364.0,58782.0,2523,17153,0,0,0.0
