Date,Open,High,Low,Close,Volume,OI,P,R,RINFO
20140515,125593.8,126031.3,125593.8,125921.9,53633,2668131,0,0,0.0
20140516,125938.0,125938.0,125781.0,125781.0,36107,2621910,0,0,0.0
20140519,125782.0,126032.0,125734.0,125734.0,30003,2604967,0,0,0.0
20140520,125673.0,126001.0,125672.0,126000.0,58478,2609752,0,0,0.0
20140521,125751.0,125813.0,125578.0,125813.0,68301,2522829,0,0,0.0
20140522,125657.0,125735.0,125625.0,125625.0,96884,2467996,201409,201409,0.0
20140523,125798.0,125798.0,125797.0,125797.0,1039518,432117,0,0,-812.5
20140527,125766.0,125924.0,125765.0,125923.0,275078,1083112,0,0,0.0
20140528,126537.0,126537.0,126520.0,126521.0,303042,2017162,0,0,0.0
20140529,126600.0,126726.0,126378.0,126442.0,166129,2354125,0,0,0.0
20140530,126333.0,126333.0,126236.0,126332.0,60661,2441979,0,0,0.0
20140602,125893.0,125971.0,125701.0,125703.0,60873,2486051,0,0,0.0
20140603,125500.0,125515.0,125229.0,125231.0,50759,2508226,0,0,0.0
20140604,125091.0,125122.0,125087.0,125121.0,45333,2540739,0,0,0.0
20140605,125264.0,125326.0,125260.0,125325.0,60699,2548461,0,0,0.0
20140606,125594.0,125593.0,125150.0,125168.0,34711,2506560,0,0,0.0
20140609,124996.0,124995.0,124914.0,124995.0,51841,2552216,0,0,0.0
20140610,124902.0,124901.0,124772.0,124822.0,61742,2571870,0,0,0.0
20140611,124870.0,124980.0,124866.0,124885.0,33218,2593921,0,0,0.0
20140612,125358.0,125357.0,125354.0,125357.0,28055,2603917,0,0,0.0
20140613,124839.0,125215.0,124835.0,125105.0,46192,2584031,0,0,0.0
20140616,125154.0,125152.0,125008.0,125121.0,20636,2575087,0,0,0.0
20140617,124745.0,124743.0,124662.0,124665.0,37488,2597046,0,0,0.0
20140618,124902.0,125026.0,124898.0,125027.0,20402,2567395,0,0,0.0
20140619,125342.0,125341.0,124992.0,125153.0,32863,2553291,0,0,0.0
20140620,125027.0,125168.0,124961.0,125074.0,41362,2551795,0,0,0.0
20140623,125184.0,125199.0,125071.0,125074.0,10838,2553706,0,0,0.0
20140624,125137.0,125372.0,125134.0,125373.0,25859,2582470,0,0,0.0
20140625,125735.0,125734.0,125590.0,125609.0,55318,2583133,0,0,0.0
20140626,125766.0,125938.0,125716.0,125892.0,28763,2620507,0,0,0.0
20140627,125955.0,125954.0,125905.0,125908.0,26023,2606647,0,0,0.0
20140630,125845.0,126001.0,125842.0,125987.0,26687,2587358,0,0,0.0
20140701,125688.0,125686.0,125685.0,125688.0,33821,2594505,0,0,0.0
20140702,125421.0,125419.0,125197.0,125200.0,17300,2586763,0,0,0.0
20140703,125028.0,125026.0,125024.0,125027.0,29804,2601851,0,0,0.0
20140707,125201.0,125199.0,125197.0,125200.0,16498,2618021,0,0,0.0
20140708,125500.0,125592.0,125496.0,125562.0,36658,2678020,0,0,0.0
20140709,125484.0,125796.0,125402.0,125798.0,37974,2661074,0,0,0.0
20140710,126176.0,126173.0,125937.0,125987.0,39565,2649856,0,0,0.0
20140711,126113.0,126110.0,126031.0,126034.0,8127,2644993,0,0,0.0
20140714,125846.0,125843.0,125779.0,125782.0,51794,2642061,0,0,0.0
20140715,125736.0,125733.0,125716.0,125719.0,53890,2617552,0,0,0.0
20140716,125704.0,125701.0,125700.0,125703.0,25653,2627508,0,0,0.0
20140717,126034.0,126204.0,126030.0,126175.0,51113,2661502,0,0,0.0
20140718,126238.0,126236.0,126061.0,126096.0,36457,2651821,0,0,0.0
20140721,126285.0,126283.0,126077.0,126080.0,32930,2665025,0,0,0.0
20140722,126191.0,126220.0,126124.0,126222.0,33754,2706669,0,0,0.0
20140723,126285.0,126283.0,126234.0,126238.0,14680,2708784,0,0,0.0
20140724,125892.0,125906.0,125857.0,125861.0,69381,2715689,0,0,0.0
20140725,126065.0,126126.0,126061.0,126128.0,27218,2702734,0,0,0.0
20140728,126018.0,126016.0,125888.0,125939.0,1113900,2705162,0,0,0.0
20140729,125987.0,126173.0,125982.0,126175.0,46685,2732675,0,0,0.0
20140730,125720.0,125717.0,125369.0,125467.0,55174,2699332,0,0,0.0
20140731,125185.0,125418.0,125180.0,125420.0,96136,2724275,0,0,0.0
20140801,126097.0,126094.0,126029.0,126065.0,130969,2791580,0,0,0.0
20140804,126254.0,126251.0,126171.0,126191.0,32321,2776178,0,0,0.0
20140805,126002.0,126235.0,125967.0,126207.0,49187,2767600,0,0,0.0
20140806,126317.0,126314.0,126313.0,126317.0,42134,2764766,0,0,0.0
20140807,126254.0,126739.0,126250.0,126742.0,52641,2778836,0,0,0.0
20140808,127119.0,127116.0,126738.0,126789.0,118675,2769397,0,0,0.0
20140811,126773.0,126770.0,126738.0,126742.0,49229,2779284,0,0,0.0
20140812,126710.0,126707.0,126644.0,126648.0,34840,2781725,0,0,0.0
20140813,126789.0,126959.0,126786.0,126963.0,44084,2802886,0,0,0.0
20140814,127009.0,127226.0,127006.0,127120.0,44689,2795250,0,0,0.0
20140815,127638.0,127651.0,127462.0,127466.0,96186,2810844,0,0,0.0
20140818,127182.0,127179.0,127179.0,127183.0,69769,2786091,0,0,0.0
20140819,127119.0,127116.0,127037.0,127041.0,95196,2777538,0,0,0.0
20140820,126742.0,126739.0,126738.0,126742.0,71238,2729677,0,0,0.0
20140821,126789.0,126833.0,126785.0,126836.0,82817,2730635,201412,201412,0.0
20140822,126710.0,126707.0,126706.0,126710.0,122805,278622,0,0,-640.6
20140825,126710.0,126786.0,126706.0,126789.0,170373,617812,0,0,0.0
20140826,126900.0,126897.0,126896.0,126900.0,247879,1168273,0,0,0.0
20140827,127105.0,127102.0,127101.0,127105.0,178529,1933015,0,0,0.0
20140828,127326.0,127323.0,127307.0,127311.0,214939,2432089,0,0,0.0
20140829,127294.0,127355.0,127196.0,127248.0,60942,2479584,0,0,0.0
20140902,126788.0,126786.0,126690.0,126695.0,60942,2479584,0,0,0.0
20140903,126583.0,126691.0,126579.0,126695.0,115216,2567742,0,0,0.0
20140904,126393.0,126438.0,126389.0,126442.0,120049,2579330,0,0,0.0
20140905,126298.0,126517.0,126294.0,126521.0,74998,2627560,0,0,0.0
20140908,126409.0,126406.0,126405.0,126410.0,91275,2646636,0,0,0.0
20140909,126109.0,126106.0,126105.0,126110.0,66299,2697242,0,0,0.0
20140910,125935.0,125932.0,125931.0,125936.0,77942,2740907,0,0,0.0
20140911,126061.0,126058.0,125947.0,125952.0,74304,2751417,0,0,0.0
20140912,125618.0,125615.0,125425.0,125430.0,129072,2735195,0,0,0.0
20140915,125602.0,125599.0,125599.0,125604.0,46180,2694214,0,0,0.0
20140916,125871.0,125868.0,125662.0,125667.0,45899,2632489,0,0,0.0
20140917,125760.0,125868.0,125441.0,125493.0,108344,2619616,0,0,0.0
20140918,125207.0,125204.0,125172.0,125177.0,46915,2616480,0,0,0.0
20140919,125444.0,125441.0,125441.0,125446.0,40740,2614715,0,0,0.0
20140922,125729.0,125726.0,125726.0,125731.0,35429,2635694,0,0,0.0
20140923,125982.0,125979.0,125979.0,125984.0,81820,2632019,0,0,0.0
20140924,125998.0,126011.0,125726.0,125731.0,30408,2694582,0,0,0.0
20140925,125966.0,126201.0,125963.0,126205.0,51699,2757244,0,0,0.0
20140926,125887.0,125885.0,125884.0,125889.0,94942,2706145,0,0,0.0
20140929,126203.0,126264.0,126200.0,126221.0,90825,2726005,0,0,0.0
20140930,126108.0,126248.0,126074.0,126095.0,73893,2728652,0,0,0.0
20141001,126851.0,126975.0,126849.0,126980.0,81435,2758456,0,0,0.0
20141002,126772.0,126770.0,126770.0,126775.0,61970,2736877,0,0,0.0
20141003,126456.0,126596.0,126327.0,126601.0,51977,2716640,0,0,0.0
20141006,126899.0,126960.0,126864.0,126870.0,47661,2696056,0,0,0.0
20141007,127342.0,127466.0,127322.0,127471.0,75289,2704761,0,0,0.0
20141008,127500.0,127845.0,127480.0,127850.0,77780,2755356,0,0,0.0
20141009,127974.0,128003.0,127907.0,127913.0,103840,2801797,0,0,0.0
20141010,128021.0,128019.0,128018.0,128024.0,54196,2792387,0,0,0.0
20141013,128637.0,128635.0,128634.0,128641.0,2106800,2825586,0,0,0.0
20141014,128921.0,128919.0,128918.0,128925.0,101045,2806941,0,0,0.0
20141015,129822.0,130531.0,129819.0,130063.0,141110,2816778,0,0,0.0
20141016,129617.0,129630.0,129471.0,129541.0,78955,2763832,0,0,0.0
20141017,129127.0,129124.0,129123.0,129130.0,75176,2787447,0,0,0.0
20141020,129285.0,129298.0,129218.0,129304.0,45627,2801261,0,0,0.0
20141021,129064.0,129187.0,129044.0,129146.0,88805,2826531,0,0,0.0
20141022,128843.0,128903.0,128823.0,128909.0,59771,2815387,0,0,0.0
20141023,128464.0,128492.0,128380.0,128498.0,67825,2800742,0,0,0.0
20141024,128859.0,128856.0,128491.0,128514.0,52242,2762632,0,0,0.0
20141027,128622.0,128619.0,128617.0,128625.0,47917,2742100,0,0,0.0
20141028,128496.0,128493.0,128427.0,128435.0,36712,2710548,0,0,0.0
20141029,128180.0,128177.0,127921.0,127929.0,61770,2714061,0,0,0.0
20141030,128148.0,128145.0,128095.0,128103.0,58153,2769249,0,0,0.0
20141031,127769.0,127829.0,127763.0,127834.0,53209,2736534,0,0,0.0
20141103,127943.0,127940.0,127431.0,127739.0,43796,2748270,0,0,0.0
20141104,127785.0,127940.0,127747.0,127755.0,65800,2745470,0,0,0.0
20141105,127580.0,127766.0,127573.0,127755.0,68436,2760943,0,0,0.0
20141106,127612.0,127608.0,127526.0,127534.0,91747,2750637,0,0,0.0
20141107,128039.0,128130.0,127953.0,128135.0,55211,2774368,0,0,0.0
20141110,127976.0,127972.0,127732.0,127740.0,13064,2763948,0,0,0.0
20141111,127581.0,127577.0,127574.0,127582.0,5000,2754135,0,0,0.0
20141112,127802.0,127798.0,127795.0,127803.0,42313,2801815,0,0,0.0
20141113,127960.0,127956.0,127953.0,127961.0,29614,2794808,0,0,0.0
20141114,128165.0,128161.0,128158.0,128166.0,48360,2802984,0,0,0.0
20141117,127944.0,127940.0,127937.0,127945.0,49367,2796129,0,0,0.0
20141118,128070.0,128114.0,128063.0,128119.0,47161,2806145,0,0,0.0
20141119,127817.0,127861.0,127810.0,127866.0,50831,2798010,0,0,0.0
20141120,128117.0,128272.0,127921.0,128040.0,141010,2709108,0,0,0.0
20141121,127943.0,128161.0,127937.0,128166.0,91255,2534804,201503,201503,0.0
20141124,128085.0,128082.0,128079.0,128087.0,217657,1052611,0,0,-515.6
20141125,128482.0,128479.0,128476.0,128484.0,308813,1880196,0,0,0.0
20141126,128736.0,128733.0,128730.0,128738.0,2676877,2384863,0,0,0.0
20141128,129022.0,129066.0,129016.0,129055.0,41145,2419682,0,0,0.0
20141201,129371.0,129368.0,128921.0,128928.0,93994,2498230,0,0,0.0
20141202,128435.0,128432.0,128334.0,128341.0,53451,2504132,0,0,0.0
20141203,128387.0,128384.0,128271.0,128278.0,41974,2538233,0,0,0.0
20141204,128435.0,128495.0,128398.0,128500.0,50529,2568465,0,0,0.0
20141205,128038.0,128035.0,127890.0,127897.0,44494,2612336,0,0,0.0
20141208,128054.0,128210.0,128049.0,128214.0,66074,2581546,0,0,0.0
20141209,128530.0,128591.0,128525.0,128595.0,83523,2566046,0,0,0.0
20141210,128625.0,129099.0,128620.0,129103.0,53484,2598055,0,0,0.0
20141211,128927.0,128924.0,128731.0,128881.0,79617,2649763,0,0,0.0
20141212,129371.0,129559.0,129366.0,129564.0,63151,2729410,0,0,0.0
20141215,129260.0,129257.0,129255.0,129262.0,71638,2700957,0,0,0.0
20141216,129450.0,129654.0,129445.0,129659.0,56263,2673901,0,0,0.0
20141217,129513.0,129606.0,128953.0,128961.0,55448,2644630,0,0,0.0
20141218,128450.0,128479.0,128398.0,128485.0,74968,2609989,0,0,0.0
20141219,128688.0,128685.0,128636.0,128644.0,41744,2601444,0,0,0.0
20141222,128561.0,128701.0,128557.0,128707.0,22649,2591349,0,0,0.0
20141223,128196.0,128193.0,127986.0,127993.0,11475,2581382,0,0,0.0
20141224,127942.0,127939.0,127938.0,127945.0,38918,2598754,0,0,0.0
20141226,128005.0,128002.0,128001.0,128008.0,40063,2609629,0,0,0.0
20141229,128434.0,128431.0,128382.0,128389.0,34420,2605144,0,0,0.0
20141231,128688.0,128812.0,128684.0,128802.0,14438,2607060,0,0,0.0
20150102,129259.0,129256.0,129160.0,129167.0,25484,2607246,0,0,0.0
20150105,129672.0,129780.0,129668.0,129786.0,37554,2646407,0,0,0.0
20150106,130275.0,130701.0,130192.0,130389.0,74405,2667999,0,0,0.0
20150107,130212.0,130495.0,130208.0,130500.0,57115,2678692,0,0,0.0
20150108,130133.0,130130.0,130049.0,130135.0,31556,2670321,0,0,0.0
20150109,130816.0,130828.0,130604.0,130611.0,31189,2681776,0,0,0.0
20150112,131117.0,131114.0,131096.0,131103.0,38386,2673540,0,0,0.0
20150113,131355.0,131352.0,131318.0,131357.0,63179,2693911,0,0,0.0
20150114,131958.0,131955.0,131810.0,131817.0,74814,2700391,0,0,0.0
20150115,132006.0,132415.0,132000.0,132404.0,48248,2712383,0,0,0.0
20150116,132196.0,132193.0,131905.0,131912.0,42064,2687007,0,0,0.0
20150120,131910.0,131907.0,131905.0,131912.0,41374,2684459,0,0,0.0
20150121,131910.0,131907.0,131476.0,131483.0,75446,2661053,0,0,0.0
20150122,130878.0,131161.0,130873.0,131166.0,47025,2666912,0,0,0.0
20150123,131656.0,131717.0,131651.0,131722.0,39383,2735501,0,0,0.0
20150126,131719.0,131733.0,131540.0,131547.0,27592,2641863,0,0,0.0
20150127,132148.0,132146.0,131667.0,131706.0,39131,2650523,0,0,0.0
20150128,131751.0,132527.0,131746.0,132531.0,52600,2683533,0,0,0.0
20150129,132243.0,132241.0,132238.0,132245.0,41799,2677880,0,0,0.0
20150130,132941.0,132955.0,132651.0,132943.0,81872,2635541,0,0,0.0
20150202,132719.0,132987.0,132714.0,132991.0,29171,2597570,0,0,0.0
20150203,132624.0,132622.0,132111.0,132118.0,53310,2591420,0,0,0.0
20150204,132053.0,132051.0,132048.0,132055.0,1163200,2569356,0,0,0.0
20150205,131926.0,132035.0,131889.0,131912.0,42869,2591616,0,0,0.0
20150206,130910.0,130908.0,130746.0,130753.0,41374,2589442,0,0,0.0
20150209,130720.0,130718.0,130635.0,130642.0,28807,2509567,0,0,0.0
20150210,130387.0,130385.0,130381.0,130388.0,36963,2508285,0,0,0.0
20150211,130244.0,130385.0,130222.0,130388.0,1453200,2487269,0,0,0.0
20150212,130450.0,130448.0,130428.0,130451.0,72281,2521706,0,0,0.0
20150213,130355.0,130353.0,130253.0,130261.0,40284,2497803,0,0,0.0
20150217,129355.0,129353.0,129253.0,129261.0,59857,2504648,0,0,0.0
20150218,129450.0,130035.0,129412.0,130039.0,91845,2482907,0,0,0.0
20150219,129767.0,129876.0,129602.0,129611.0,36979,2443737,0,0,0.0
20150220,129989.0,130130.0,129412.0,129421.0,109807,2372957,0,0,0.0
20150223,129767.0,130035.0,129761.0,130040.0,115816,2052333,201506,201506,0.0
20150224,129846.0,130416.0,129840.0,130421.0,110125,1233778,0,0,-343.8
20150225,130339.0,130464.0,130333.0,130469.0,192398,1946064,0,0,0.0
20150226,130721.0,130719.0,129999.0,130007.0,167772,2329631,0,0,0.0
20150227,130164.0,130162.0,130158.0,130166.0,87913,2415374,0,0,0.0
20150302,130100.0,130098.0,129474.0,129482.0,63807,2468183,0,0,0.0
20150303,129416.0,130353.0,129156.0,129164.0,35007,2455422,0,0,0.0
20150304,129209.0,129255.0,129204.0,129260.0,27867,2461611,0,0,0.0
20150305,129352.0,129430.0,129347.0,129419.0,46655,2481498,0,0,0.0
20150306,128397.0,128396.0,128392.0,128400.0,56187,2526725,0,0,0.0
20150309,128588.0,128762.0,128583.0,128766.0,36814,2564321,0,0,0.0
20150310,129336.0,129335.0,129251.0,129275.0,44567,2577164,0,0,0.0
20150311,129240.0,129415.0,129203.0,129339.0,58425,2610983,0,0,0.0
20150312,129861.0,129972.0,129505.0,129562.0,64685,2632466,0,0,0.0
20150313,129638.0,129670.0,129457.0,129467.0,29933,2642331,0,0,0.0
20150316,129542.0,129575.0,129537.0,129578.0,33058,2624934,0,0,0.0
20150317,130019.0,130021.0,129855.0,129864.0,27706,2604354,0,0,0.0
20150318,130162.0,130944.0,129951.0,130946.0,62801,2652418,0,0,0.0
20150319,130974.0,130976.0,130556.0,130596.0,777730,2683310,0,0,0.0
20150320,131022.0,131024.0,131017.0,131026.0,25829,2721429,0,0,0.0
20150323,131102.0,131231.0,131097.0,131233.0,14154,2771193,0,0,0.0
20150324,131484.0,131486.0,131479.0,131488.0,26517,2789996,0,0,0.0
20150325,131675.0,131677.0,131193.0,131201.0,23777,2813217,0,0,0.0
20150326,130816.0,130818.0,130588.0,130612.0,36119,2848768,0,0,0.0
20150327,130991.0,131073.0,130986.0,131074.0,17634,2837721,0,0,0.0
20150330,130880.0,131073.0,130875.0,130979.0,41191,2780484,0,0,0.0
20150331,131262.0,131296.0,131257.0,131297.0,41075,2767394,0,0,0.0
20150401,131755.0,131773.0,131734.0,131774.0,35073,2780495,0,0,0.0
20150402,131564.0,131566.0,131559.0,131567.0,21619,2781047,0,0,0.0
20150406,132057.0,132059.0,131814.0,131822.0,16412,2793850,0,0,0.0
20150407,131755.0,131757.0,131750.0,131758.0,49527,2795065,0,0,0.0
20150408,131548.0,131757.0,131543.0,131758.0,30146,2831620,0,0,0.0
20150409,131484.0,131486.0,131225.0,131233.0,26793,2842611,0,0,0.0
20150410,131197.0,131199.0,131193.0,131201.0,26793,2842611,0,0,0.0
20150413,131229.0,131486.0,130954.0,131376.0,748593,2821143,0,0,0.0
20150414,131484.0,132106.0,131432.0,131711.0,1145247,2817699,0,0,0.0
20150415,131739.0,132027.0,131639.0,131838.0,746621,2806350,0,0,0.0
20150416,131898.0,132154.0,131655.0,132093.0,1141423,2812797,0,0,0.0
20150417,131977.0,132377.0,131782.0,132220.0,1139834,2821399,0,0,0.0
20150420,131993.0,132202.0,131830.0,131933.0,769215,2812393,0,0,0.0
20150421,131929.0,132123.0,131703.0,131758.0,684108,2817420,0,0,0.0
20150422,131802.0,131932.0,131082.0,131249.0,1099814,2826644,0,0,0.0
20150423,131213.0,131598.0,131114.0,131536.0,1129975,2814422,0,0,0.0
20150424,131452.0,131869.0,131289.0,131791.0,1007935,2779537,0,0,0.0
20150427,131818.0,131980.0,131512.0,131712.0,656327,2805352,0,0,0.0
20150428,131754.0,131805.0,131082.0,131345.0,1085238,2809260,0,0,0.0
20150429,131117.0,131296.0,130462.0,130900.0,1937469,2821767,0,0,0.0
20150430,130879.0,131026.0,130176.0,130756.0,1901760,2866658,0,0,0.0
20150501,130831.0,130835.0,130096.0,130151.0,842326,2838032,0,0,0.0
20150504,130242.0,130453.0,129953.0,130136.0,843627,2813470,0,0,0.0
20150505,130083.0,130342.0,129603.0,129786.0,1460625,2791954,0,0,0.0
20150506,129749.0,129848.0,129253.0,129452.0,1543524,2800446,0,0,0.0
20150507,129334.0,129881.0,128760.0,129755.0,1820989,2781688,0,0,0.0
20150508,129684.0,130581.0,129587.0,130200.0,1638158,2757375,0,0,0.0
20150511,130162.0,130374.0,129142.0,129246.0,1275426,2720232,0,0,0.0
20150512,129160.0,129579.0,128537.0,129405.0,2028527,2745320,0,0,0.0
20150513,129430.0,130040.0,129221.0,129341.0,1883543,2755167,0,0,0.0
20150514,129271.0,129865.0,129189.0,129756.0,1408069,2763759,0,0,0.0
20150515,129764.0,130518.0,129761.0,130408.0,1173534,2759547,0,0,0.0
20150518,130337.0,130470.0,129618.0,129740.0,1002499,2757976,0,0,0.0
20150519,129653.0,130136.0,129109.0,129390.0,1649004,2768512,201509,201509,0.0
20150520,129224.0,129754.0,129188.0,129598.0,84901,123208,0,0,-688.0
20150521,129608.0,130106.0,129509.0,130094.0,132485,153314,0,0,0.0
20150522,130087.0,130314.0,129477.0,129646.0,318009,220700,0,0,0.0
20150526,129847.0,130410.0,129700.0,130350.0,1318643,398013,0,0,0.0
20150527,130327.0,130410.0,130004.0,130335.0,1968463,1179649,0,0,0.0
20150528,130327.0,130553.0,130228.0,130463.0,1578263,2214674,0,0,0.0
20150529,130390.0,130794.0,130340.0,130767.0,1254873,2610851,0,0,0.0
20150601,130550.0,130746.0,129908.0,129966.0,1137668,2630313,0,0,0.0
20150602,130071.0,130090.0,129253.0,129359.0,1450098,2642725,0,0,0.0
20150603,129366.0,129450.0,128357.0,128510.0,1675198,2666683,0,0,0.0
20150604,128534.0,129099.0,127988.0,128975.0,1771493,2685879,0,0,0.0
20150605,128950.0,128971.0,127685.0,128126.0,1535058,2644838,0,0,0.0
20150608,128070.0,128474.0,127988.0,128367.0,843725,2685283,0,0,0.0
20150609,128341.0,128618.0,127797.0,128126.0,1101736,2684376,0,0,0.0
20150610,127925.0,128010.0,127509.0,127662.0,1351272,2703270,0,0,0.0
20150611,127685.0,128410.0,127444.0,128382.0,1459290,2701881,0,0,0.0
20150612,128357.0,128746.0,128116.0,128335.0,1236506,2703365,0,0,0.0
20150615,128469.0,129002.0,128388.0,128623.0,1018306,2659485,0,0,0.0
20150616,128629.0,129017.0,128596.0,128943.0,885239,2658410,0,0,0.0
20150617,129013.0,129258.0,128180.0,129215.0,1171822,2640962,0,0,0.0
20150618,129109.0,129610.0,128596.0,128894.0,1546163,2625565,0,0,0.0
20150619,129013.0,129690.0,128980.0,129630.0,914790,2643677,0,0,0.0
20150622,129478.0,129529.0,128709.0,128862.0,1035332,2671238,0,0,0.0
20150623,128757.0,128825.0,128292.0,128478.0,1161541,2694450,0,0,0.0
20150624,128469.0,128809.0,128340.0,128766.0,1092168,2707927,0,0,0.0
20150625,128757.0,128842.0,128292.0,128606.0,1212261,2712095,0,0,0.0
20150626,128501.0,128649.0,127908.0,128030.0,1028575,2700125,0,0,0.0
20150629,129350.0,129961.0,128613.0,129246.0,1584433,2718108,0,0,0.0
20150630,129254.0,129434.0,128837.0,129214.0,1646899,2708872,0,0,0.0
20150701,128998.0,129065.0,128292.0,128494.0,1215042,2718643,0,0,0.0
20150702,128486.0,129145.0,128164.0,128910.0,1149810,2704834,0,0,0.0
20150706,130054.0,130265.0,129268.0,129822.0,1180551,2694001,0,0,0.0
20150707,129686.0,130634.0,129509.0,130190.0,1476825,2720443,0,0,0.0
20150708,129942.0,130666.0,129908.0,130446.0,1399057,2724878,0,0,0.0
20150709,130502.0,130634.0,129540.0,129726.0,1105119,2732880,0,0,0.0
20150710,129558.0,129577.0,128708.0,128765.0,1255779,2744870,0,0,0.0
20150713,129414.0,129417.0,128324.0,128622.0,1127583,2718728,0,0,0.0
20150714,128486.0,129065.0,128436.0,128974.0,894726,2708208,0,0,0.0
20150715,128998.0,129434.0,128627.0,129390.0,998629,2692189,0,0,0.0
20150716,129286.0,129354.0,128883.0,129214.0,855139,2683227,0,0,0.0
20150717,129174.0,129354.0,128916.0,129166.0,730798,2700818,0,0,0.0
20150720,129158.0,129193.0,128723.0,128926.0,750882,2706095,0,0,0.0
20150721,128950.0,129337.0,128708.0,129246.0,808965,2708469,0,0,0.0
20150722,129302.0,129529.0,129187.0,129359.0,821774,2724737,0,0,0.0
20150723,129317.0,129738.0,129155.0,129662.0,908172,2727435,0,0,0.0
20150724,129638.0,129930.0,129587.0,129775.0,837483,2761745,0,0,0.0
20150727,129829.0,130346.0,129811.0,130223.0,750692,2776067,0,0,0.0
20150728,130278.0,130298.0,129859.0,130063.0,818709,2778997,0,0,0.0
20150729,129974.0,130042.0,129666.0,129871.0,779180,2785919,0,0,0.0
20150730,129781.0,129962.0,129378.0,129903.0,1186012,2808322,0,0,0.0
20150731,129909.0,130698.0,129682.0,130511.0,1364587,2884872,0,0,0.0
20150803,130645.0,131002.0,130417.0,130910.0,915775,2897378,0,0,0.0
20150804,130869.0,130954.0,130129.0,130334.0,955687,2890151,0,0,0.0
20150805,130164.0,130298.0,129585.0,129806.0,1261874,2900689,0,0,0.0
20150806,129796.0,130203.0,129697.0,130078.0,805080,2880157,0,0,0.0
20150807,130117.0,130635.0,129858.0,130526.0,1128190,2858925,0,0,0.0
20150810,130565.0,130587.0,130001.0,130078.0,653550,2878717,0,0,0.0
20150811,130149.0,131163.0,130081.0,130941.0,1212481,2888095,0,0,0.0
20150812,130901.0,131788.0,130769.0,131054.0,1526118,2943610,0,0,0.0
20150813,130933.0,131308.0,130465.0,130557.0,1233841,2940486,0,0,0.0
20150814,130534.0,130764.0,130242.0,130429.0,707747,2908502,0,0,0.0
20150817,130454.0,130907.0,130385.0,130846.0,642142,2888273,0,0,0.0
20150818,130677.0,130987.0,130433.0,130525.0,708473,2900158,0,0,0.0
20150819,130502.0,131323.0,130177.0,131181.0,1277161,2895567,201512,201512,0.0
20150820,131141.0,131547.0,131105.0,131404.0,82672,74853,0,0,-578.0
20150821,131543.0,131981.0,131411.0,131774.0,124147,124715,0,0,0.0
20150824,131929.0,133042.0,131829.0,132320.0,534103,186190,0,0,0.0
20150825,132203.0,132255.0,131138.0,131179.0,775649,413812,0,0,0.0
20150826,131704.0,131933.0,130881.0,131050.0,1360773,822595,0,0,0.0
20150827,131029.0,131274.0,130640.0,131017.0,1602338,1417581,0,0,0.0
20150828,130900.0,131436.0,130737.0,130857.0,942569,2171035,0,0,0.0
20150831,130386.0,131259.0,130383.0,130713.0,1094263,2453330,0,0,0.0
20150901,130595.0,131162.0,130528.0,130970.0,1247080,2570672,0,0,0.0
20150902,131094.0,131210.0,130720.0,130808.0,1001307,2616499,0,0,0.0
20150903,130820.0,131210.0,130800.0,131050.0,899195,2629627,0,0,0.0
20150904,131094.0,131805.0,131025.0,131419.0,1203137,2649820,0,0,0.0
20150908,131415.0,131436.0,130880.0,130937.0,757913,2664854,0,0,0.0
20150909,130997.0,131146.0,130430.0,131099.0,1164989,2688996,0,0,0.0
20150910,130932.0,131146.0,130639.0,130809.0,952595,2696145,0,0,0.0
20150911,130755.0,131259.0,130687.0,131195.0,680192,2707604,0,0,0.0
20150914,131109.0,131356.0,130993.0,131211.0,523946,2686111,0,0,0.0
20150915,131206.0,131371.0,130205.0,130343.0,949629,2701663,0,0,0.0
20150916,130338.0,130519.0,130141.0,130151.0,974659,2690142,0,0,0.0
20150917,130209.0,131194.0,130156.0,130954.0,1125393,2666677,0,0,0.0
20150918,131109.0,131693.0,131089.0,131645.0,1059561,2659879,0,0,0.0
20150921,131575.0,131580.0,130976.0,131034.0,730184,2653625,0,0,0.0
20150922,131061.0,131870.0,131041.0,131789.0,910973,2625615,0,0,0.0
20150923,131720.0,132030.0,131442.0,131645.0,875569,2628550,0,0,0.0
20150924,131575.0,132159.0,131475.0,131805.0,1217359,2676112,0,0,0.0
20150925,131543.0,131660.0,131089.0,131516.0,1116230,2713126,0,0,0.0
20150928,131559.0,132142.0,131490.0,132127.0,956433,2685730,0,0,0.0
20150929,132089.0,132593.0,131941.0,132513.0,1270734,2700649,0,0,0.0
20150930,132475.0,132625.0,132021.0,132432.0,1212490,2753439,0,0,0.0
20151001,132572.0,132737.0,132262.0,132448.0,1169112,2773932,0,0,0.0
20151002,132492.0,133750.0,132278.0,133059.0,1841806,2769866,0,0,0.0
20151005,133006.0,133187.0,132470.0,132528.0,854072,2772222,0,0,0.0
20151006,132524.0,132801.0,132374.0,132737.0,1028992,2758059,0,0,0.0
20151007,132766.0,132833.0,132293.0,132513.0,963526,2767543,0,0,0.0
20151008,132412.0,132769.0,132036.0,132159.0,1142428,2777625,0,0,0.0
20151009,132203.0,132415.0,131844.0,132174.0,927941,2787803,0,0,0.0
20151012,132251.0,132512.0,132118.0,132464.0,153439,2777421,0,0,0.0
20151013,132475.0,132688.0,132310.0,132560.0,808091,2784671,0,0,0.0
20151014,132637.0,133347.0,132599.0,133268.0,1173977,2789928,0,0,0.0
20151015,133312.0,133347.0,132776.0,132834.0,1015199,2810729,0,0,0.0
20151016,132830.0,133010.0,132632.0,132737.0,740598,2830403,0,0,0.0
20151019,132653.0,132833.0,132407.0,132673.0,838547,2827291,0,0,0.0
20151020,132685.0,132769.0,132165.0,132255.0,1001871,2811665,0,0,0.0
20151021,132252.0,132704.0,132213.0,132576.0,817775,2768863,0,0,0.0
20151022,132621.0,132801.0,132358.0,132641.0,1074252,2763120,0,0,0.0
20151023,132589.0,132624.0,131956.0,132110.0,1183949,2765797,0,0,0.0
20151026,132090.0,132367.0,132004.0,132287.0,709927,2729443,0,0,0.0
20151027,132299.0,132785.0,132246.0,132624.0,910211,2717440,0,0,0.0
20151028,132556.0,132608.0,131779.0,131884.0,1253329,2744340,0,0,0.0
20151029,131817.0,131950.0,131201.0,131273.0,1512954,2736803,0,0,0.0
20151030,131286.0,131499.0,131104.0,131354.0,1427453,2745370,0,0,0.0
20151102,131431.0,131499.0,130992.0,131032.0,933071,2700025,0,0,0.0
20151103,131157.0,131178.0,130686.0,130758.0,851053,2708595,0,0,0.0
20151104,130803.0,130936.0,130429.0,130566.0,1304208,2676031,0,0,0.0
20151105,130594.0,130712.0,130300.0,130469.0,1195422,2609706,0,0,0.0
20151106,130579.0,130647.0,129480.0,129666.0,1747243,2585745,0,0,0.0
20151109,129743.0,129763.0,129303.0,129650.0,1230049,2549860,0,0,0.0
20151110,129598.0,129987.0,129560.0,129924.0,1055245,2533344,0,0,0.0
20151111,129743.0,129858.0,129640.0,129683.0,222793,2530990,0,0,0.0
20151112,129743.0,130003.0,129625.0,129827.0,1082188,2533243,0,0,0.0
20151113,129855.0,130292.0,129754.0,130164.0,1024668,2546747,0,0,0.0
20151116,130579.0,130582.0,130252.0,130309.0,925267,2524194,0,0,0.0
20151117,130289.0,130485.0,129931.0,130373.0,1055605,2544643,0,0,0.0
20151118,130322.0,130420.0,130043.0,130293.0,872148,2527563,0,0,0.0
20151119,130241.0,130533.0,130172.0,130422.0,961836,2504409,201603,201603,0.0
20151120,130370.0,130580.0,130269.0,130293.0,281725,265546,0,0,-578.0
20151123,130257.0,130564.0,129978.0,130487.0,928892,445030,0,0,0.0
20151124,130515.0,130854.0,130431.0,130583.0,1545322,1012038,0,0,0.0
20151125,130596.0,130757.0,130431.0,130616.0,1246890,1859086,0,0,0.0
20151127,130532.0,130854.0,130512.0,130729.0,531192,2318256,0,0,0.0
20151130,130725.0,130805.0,130480.0,130665.0,917897,2476675,0,0,0.0
20151201,130725.0,131322.0,130447.0,131197.0,1168158,2609814,0,0,0.0
20151202,131258.0,131258.0,130722.0,130955.0,1010822,2659060,0,0,0.0
20151203,130903.0,130951.0,129527.0,129744.0,1475403,2651192,0,0,0.0
20151204,129870.0,130273.0,129462.0,130132.0,1576583,2617433,0,0,0.0
20151207,130080.0,130708.0,129979.0,130568.0,866864,2598164,0,0,0.0
20151208,130533.0,130837.0,130400.0,130551.0,986564,2586306,0,0,0.0
20151209,130662.0,130999.0,130318.0,130906.0,1124901,2627433,0,0,0.0
20151210,130775.0,130934.0,130512.0,130551.0,748158,2655899,0,0,0.0
20151211,130533.0,131564.0,130495.0,131407.0,1236976,2666921,0,0,0.0
20151214,131389.0,131435.0,130592.0,130648.0,1029717,2645285,0,0,0.0
20151215,130663.0,130821.0,130107.0,130325.0,903712,2612139,0,0,0.0
20151216,130323.0,130385.0,129575.0,129954.0,979936,2571080,0,0,0.0
20151217,129888.0,130498.0,129849.0,130342.0,927916,2518089,0,0,0.0
20151218,130485.0,130886.0,130399.0,130713.0,752783,2495185,0,0,0.0
20151221,130646.0,130983.0,130480.0,130795.0,532547,2491014,0,0,0.0
20151222,130743.0,130886.0,130366.0,130391.0,482315,2499959,0,0,0.0
20151223,130452.0,130450.0,130092.0,130213.0,437172,2490736,0,0,0.0
20151228,130307.0,130628.0,130221.0,130488.0,314412,2467324,0,0,0.0
20151229,130468.0,130547.0,129736.0,129858.0,560966,2468899,0,0,0.0
20151230,129887.0,129998.0,129623.0,129809.0,659941,2481325,0,0,0.0
20151231,129903.0,130191.0,129816.0,130116.0,435983,2522161,0,0,0.0
20160104,130081.0,130789.0,129962.0,130374.0,1058824,2527697,0,0,0.0
20160105,130371.0,130660.0,130220.0,130471.0,898557,2535240,0,0,0.0
20160106,130533.0,131160.0,130445.0,131100.0,1138467,2534242,0,0,0.0
20160107,131082.0,131564.0,130898.0,131358.0,1405233,2557856,0,0,0.0
20160108,131389.0,131822.0,130801.0,131665.0,1594692,2547281,0,0,0.0
20160111,131792.0,131983.0,131302.0,131616.0,1086572,2604950,0,0,0.0
20160112,131453.0,132273.0,131220.0,132101.0,1385259,2597627,0,0,0.0
20160113,132002.0,132548.0,131673.0,132344.0,1622662,2648439,0,0,0.0
20160114,132116.0,132499.0,131883.0,132101.0,1501699,2704168,0,0,0.0
20160115,132165.0,133209.0,132077.0,132747.0,1816630,2741247,0,0,0.0
20160119,132794.0,132887.0,132287.0,132683.0,1527475,2790245,0,0,0.0
20160120,132552.0,133565.0,132529.0,133183.0,1942014,2786935,0,0,0.0
20160121,133165.0,133484.0,132787.0,132973.0,1763878,2802311,0,0,0.0
20160122,132859.0,133031.0,132351.0,132666.0,1184019,2850177,0,0,0.0
20160125,132601.0,132999.0,132497.0,132844.0,839475,2819601,0,0,0.0
20160126,132989.0,133387.0,132787.0,133119.0,1046297,2818527,0,0,0.0
20160127,133085.0,133242.0,132594.0,133167.0,1105511,2854903,0,0,0.0
20160128,133182.0,133403.0,132819.0,133345.0,1598638,2880985,0,0,0.0
20160129,133376.0,134017.0,133272.0,133910.0,1614424,2901791,0,0,0.0
20160201,133925.0,134130.0,133465.0,133490.0,1203475,2910237,0,0,0.0
20160202,133602.0,134566.0,133579.0,134443.0,1394248,2869462,0,0,0.0
20160203,134539.0,135115.0,134144.0,134362.0,1955154,2913247,0,0,0.0
20160204,134345.0,134808.0,134176.0,134620.0,1633195,2913524,0,0,0.0
20160205,134798.0,135051.0,134257.0,134716.0,1790213,2941404,0,0,0.0
20160208,134701.0,135697.0,134515.0,135685.0,1578123,2929461,0,0,0.0
20160209,135573.0,136149.0,135387.0,135702.0,1922125,2932255,0,0,0.0
20160210,135669.0,136166.0,135273.0,135895.0,1705621,2923228,0,0,0.0
20160211,136154.0,137490.0,136065.0,136444.0,2353827,2933408,0,0,0.0
20160212,136251.0,136408.0,135322.0,135444.0,1666106,2969999,0,0,0.0
20160216,135362.0,135536.0,134983.0,135282.0,1522999,2943864,0,0,0.0
20160217,135330.0,135585.0,134531.0,134798.0,1442649,2956158,0,0,0.0
20160218,134798.0,135488.0,134660.0,135298.0,1302108,2908458,201606,201606,0.0
20160219,135476.0,135650.0,135015.0,135282.0,102216,251743,0,0,-391.0
20160222,135266.0,135310.0,134918.0,135168.0,456837,314591,0,0,0.0
20160223,135266.0,135569.0,134723.0,135331.0,1167522,564932,0,0,0.0
20160224,135509.0,136233.0,135290.0,135395.0,1370450,1194494,0,0,0.0
20160225,135332.0,136022.0,135194.0,135881.0,1507408,1893499,0,0,0.0
20160226,135688.0,135682.0,134950.0,135136.0,1179882,2563352,0,0,0.0
20160229,135154.0,135374.0,135015.0,135282.0,1223175,2793075,0,0,0.0
20160301,135316.0,135618.0,134286.0,134326.0,1521364,2847335,0,0,0.0
20160302,134344.0,134516.0,133897.0,134067.0,1409596,2770931,0,0,0.0
20160303,134134.0,134371.0,133913.0,134245.0,1097513,2787597,0,0,0.0
20160304,134151.0,134387.0,133622.0,133808.0,1532735,2773276,0,0,0.0
20160307,133908.0,133950.0,133525.0,133630.0,843118,2768669,0,0,0.0
20160308,133664.0,134436.0,133606.0,134229.0,1107923,2761408,0,0,0.0
20160309,134248.0,134306.0,133703.0,133776.0,1036884,2737248,0,0,0.0
20160310,133908.0,134112.0,133168.0,133339.0,1661162,2734027,0,0,0.0
20160311,133324.0,133448.0,132877.0,133031.0,1063898,2687321,0,0,0.0
20160314,133033.0,133302.0,132909.0,133112.0,705514,2668760,0,0,0.0
20160315,133114.0,133513.0,132974.0,133095.0,893117,2643835,0,0,0.0
20160316,133017.0,133788.0,132715.0,133549.0,1273806,2633303,0,0,0.0
20160317,133746.0,134258.0,133703.0,133824.0,1217992,2599108,0,0,0.0
20160318,133827.0,134194.0,133800.0,134132.0,909878,2580675,0,0,0.0
20160321,134119.0,134194.0,133703.0,133728.0,754097,2628765,0,0,0.0
20160322,133730.0,134097.0,133395.0,133501.0,1015630,2647232,0,0,0.0
20160323,133438.0,134080.0,133331.0,134051.0,851948,2618866,0,0,0.0
20160324,133989.0,134194.0,133671.0,133938.0,705130,2628750,0,0,0.0
20160328,133875.0,134194.0,133671.0,134132.0,417002,2588977,0,0,0.0
20160329,134005.0,134842.0,133914.0,134748.0,1017088,2606257,0,0,0.0
20160330,134782.0,134858.0,134432.0,134765.0,1071211,2642366,0,0,0.0
20160331,134799.0,135295.0,134691.0,135154.0,1095434,2653782,0,0,0.0
20160401,135252.0,135263.0,134805.0,135057.0,1250646,2632769,0,0,0.0
20160404,135236.0,135409.0,135064.0,135235.0,719276,2638946,0,0,0.0
20160405,135366.0,135749.0,135323.0,135607.0,960083,2663198,0,0,0.0
20160406,135641.0,135684.0,135274.0,135462.0,922150,2688587,0,0,0.0
20160407,135447.0,136089.0,135338.0,136045.0,991933,2681513,0,0,0.0
20160408,136030.0,136057.0,135614.0,135818.0,763578,2707680,0,0,0.0
20160411,135868.0,136008.0,135533.0,135818.0,785075,2710723,0,0,0.0
20160412,135771.0,135813.0,135257.0,135316.0,954643,2727658,0,0,0.0
20160413,135301.0,135490.0,135111.0,135397.0,1039111,2754517,0,0,0.0
20160414,135382.0,135473.0,134949.0,135138.0,1045696,2777717,0,0,0.0
20160415,135059.0,135505.0,134949.0,135414.0,787091,2797064,0,0,0.0
20160418,135642.0,135668.0,135127.0,135268.0,884589,2811027,0,0,0.0
20160419,135270.0,135263.0,134949.0,135122.0,993238,2800366,0,0,0.0
20160420,135092.0,135360.0,134431.0,134491.0,1260325,2796987,0,0,0.0
20160421,134558.0,134647.0,134172.0,134345.0,1337757,2770780,0,0,0.0
20160422,134428.0,134517.0,134075.0,134200.0,959576,2734256,0,0,0.0
20160425,134250.0,134436.0,133994.0,134103.0,902262,2697587,0,0,0.0
20160426,134023.0,134209.0,133768.0,133893.0,1028536,2671589,0,0,0.0
20160427,133893.0,134614.0,133864.0,134524.0,1112655,2667447,0,0,0.0
20160428,134605.0,134922.0,134382.0,134702.0,1435407,2664730,0,0,0.0
20160429,134800.0,134939.0,134382.0,134816.0,1455601,2674719,0,0,0.0
20160502,134670.0,134906.0,134350.0,134443.0,863010,2654474,0,0,0.0
20160503,134379.0,135230.0,134367.0,135059.0,1266494,2645168,0,0,0.0
20160504,135076.0,135311.0,134901.0,135205.0,1094228,2639363,0,0,0.0
20160505,135270.0,135651.0,134998.0,135512.0,1147852,2631378,0,0,0.0
20160506,135529.0,135991.0,135208.0,135302.0,1479523,2679884,0,0,0.0
20160509,135302.0,135668.0,135192.0,135578.0,848721,2708523,0,0,0.0
20160510,135659.0,135684.0,135386.0,135561.0,965106,2706889,0,0,0.0
20160511,135529.0,135879.0,135418.0,135691.0,1061082,2719832,0,0,0.0
