Date,Open,High,Low,Close,Volume,OI,P,R,RINFO
20140519,110580.0,110600.0,110570.0,110590.0,275303,879768,0,0,0.0
20140520,110590.0,110620.0,110580.0,110610.0,321990,869914,0,0,0.0
20140521,110620.0,110630.0,110600.0,110600.0,313180,840349,0,0,0.0
20140522,110600.0,110640.0,110590.0,110630.0,222450,847605,201409,201409,0.0
20140523,110640.0,110640.0,110630.0,110640.0,51011,48122,0,0,-20.0
20140526,110640.0,110670.0,110640.0,110660.0,362220,52427,0,0,0.0
20140527,110660.0,110670.0,110650.0,110650.0,418870,99797,0,0,0.0
20140528,110650.0,110660.0,110650.0,110660.0,261340,131809,0,0,0.0
20140529,110650.0,110650.0,110620.0,110620.0,309420,149174,0,0,0.0
20140530,110620.0,110640.0,110610.0,110640.0,913610,167003,0,0,0.0
20140602,110640.0,110680.0,110630.0,110640.0,1350800,329033,0,0,0.0
20140603,110650.0,110650.0,110610.0,110650.0,1099500,606426,0,0,0.0
20140604,110640.0,110680.0,110640.0,110670.0,870760,847174,0,0,0.0
20140605,110670.0,110710.0,110610.0,110670.0,334170,941449,0,0,0.0
20140606,110670.0,110680.0,110630.0,110650.0,144148,925850,0,0,0.0
20140609,110640.0,110650.0,110620.0,110630.0,220350,936384,0,0,0.0
20140610,110640.0,110640.0,110610.0,110620.0,344550,953683,0,0,0.0
20140611,110610.0,110670.0,110610.0,110660.0,312460,967859,0,0,0.0
20140612,110660.0,110690.0,110660.0,110680.0,351350,965641,0,0,0.0
20140613,110660.0,110700.0,110640.0,110690.0,160080,954762,0,0,0.0
20140616,110700.0,110700.0,110670.0,110680.0,240420,950153,0,0,0.0
20140617,110680.0,110690.0,110630.0,110650.0,157250,928598,0,0,0.0
20140618,110650.0,110670.0,110640.0,110660.0,189830,940531,0,0,0.0
20140619,110670.0,110680.0,110660.0,110670.0,146010,936583,0,0,0.0
20140620,110670.0,110670.0,110650.0,110650.0,145810,937684,0,0,0.0
20140623,110660.0,110680.0,110650.0,110650.0,111220,936679,0,0,0.0
20140624,110650.0,110670.0,110650.0,110670.0,222130,936785,0,0,0.0
20140625,110670.0,110690.0,110660.0,110680.0,151010,937931,0,0,0.0
20140626,110680.0,110700.0,110670.0,110690.0,141790,935876,0,0,0.0
20140627,110690.0,110690.0,110660.0,110660.0,210720,926132,0,0,0.0
20140630,110670.0,110690.0,110660.0,110690.0,174290,924355,0,0,0.0
20140701,110690.0,110710.0,110680.0,110700.0,155580,949126,0,0,0.0
20140702,110700.0,110710.0,110680.0,110690.0,219120,951996,0,0,0.0
20140703,110690.0,110710.0,110670.0,110690.0,118270,956547,0,0,0.0
20140707,110700.0,110710.0,110690.0,110700.0,162470,952852,0,0,0.0
20140708,110710.0,110720.0,110700.0,110720.0,151890,968773,0,0,0.0
20140709,110710.0,110720.0,110690.0,110700.0,208290,964575,0,0,0.0
20140710,110700.0,110730.0,110700.0,110700.0,152370,964614,0,0,0.0
20140711,110700.0,110710.0,110700.0,110710.0,72173,969600,0,0,0.0
20140714,110710.0,110710.0,110690.0,110700.0,161020,956052,0,0,0.0
20140715,110700.0,110720.0,110690.0,110700.0,90832,952728,0,0,0.0
20140716,110710.0,110710.0,110700.0,110700.0,153860,961780,0,0,0.0
20140717,110710.0,110710.0,110700.0,110700.0,149390,941294,0,0,0.0
20140718,110700.0,110710.0,110680.0,110690.0,93505,945320,0,0,0.0
20140721,110700.0,110700.0,110690.0,110690.0,157450,946932,0,0,0.0
20140722,110690.0,110690.0,110670.0,110690.0,72123,922854,0,0,0.0
20140723,110690.0,110690.0,110680.0,110690.0,143620,914937,0,0,0.0
20140724,110690.0,110690.0,110670.0,110680.0,144545,895143,0,0,0.0
20140725,110670.0,110700.0,110670.0,110700.0,106090,892507,0,0,0.0
20140728,110690.0,110700.0,110670.0,110670.0,155830,890709,0,0,0.0
20140729,110670.0,110690.0,110660.0,110690.0,158720,887518,0,0,0.0
20140730,110690.0,110690.0,110660.0,110670.0,256510,872915,0,0,0.0
20140731,110670.0,110700.0,110670.0,110690.0,215360,883265,0,0,0.0
20140801,110690.0,110710.0,110680.0,110700.0,92636,889436,0,0,0.0
20140804,110700.0,110700.0,110690.0,110690.0,133970,880954,0,0,0.0
20140805,110690.0,110690.0,110680.0,110690.0,253280,881837,0,0,0.0
20140806,110690.0,110740.0,110690.0,110730.0,294060,902704,0,0,0.0
20140807,110730.0,110750.0,110710.0,110740.0,216450,909833,0,0,0.0
20140808,110750.0,110750.0,110710.0,110710.0,162470,890232,0,0,0.0
20140811,110710.0,110750.0,110710.0,110750.0,111130,916082,0,0,0.0
20140812,110750.0,110760.0,110740.0,110740.0,129080,919431,0,0,0.0
20140813,110740.0,110760.0,110740.0,110760.0,130219,931099,0,0,0.0
20140814,110750.0,110760.0,110730.0,110750.0,140470,957952,0,0,0.0
20140815,110750.0,110770.0,110740.0,110750.0,141720,919688,0,0,0.0
20140818,110750.0,110760.0,110740.0,110750.0,133810,925233,0,0,0.0
20140819,110750.0,110770.0,110750.0,110760.0,158930,929714,0,0,0.0
20140820,110760.0,110770.0,110750.0,110750.0,156400,921339,0,0,0.0
20140821,110750.0,110770.0,110750.0,110750.0,138010,925198,201412,201412,0.0
20140822,110750.0,110760.0,110750.0,110760.0,310540,54974,0,0,110.0
20140825,110750.0,110870.0,110750.0,110850.0,497810,70375,0,0,0.0
20140826,110850.0,110850.0,110810.0,110820.0,255280,97289,0,0,0.0
20140827,110820.0,110820.0,110790.0,110810.0,222070,112010,0,0,0.0
20140828,110810.0,110810.0,110800.0,110810.0,285120,125512,0,0,0.0
20140829,110810.0,110830.0,110790.0,110820.0,298210,151789,0,0,0.0
20140901,110830.0,110860.0,110820.0,110860.0,298210,151789,0,0,0.0
20140902,110860.0,110860.0,110830.0,110830.0,729140,195156,0,0,0.0
20140903,110830.0,110850.0,110810.0,110810.0,1423600,535267,0,0,0.0
20140904,110810.0,110940.0,110790.0,110930.0,715020,773459,0,0,0.0
20140905,110920.0,110950.0,110880.0,110890.0,208770,895331,0,0,0.0
20140908,110900.0,110920.0,110890.0,110900.0,194750,860065,0,0,0.0
20140909,110890.0,110920.0,110890.0,110910.0,249480,861896,0,0,0.0
20140910,110900.0,110910.0,110870.0,110900.0,210140,847684,0,0,0.0
20140911,110900.0,110910.0,110900.0,110910.0,164740,876165,0,0,0.0
20140912,110900.0,110910.0,110860.0,110860.0,156360,882124,0,0,0.0
20140915,110870.0,110910.0,110870.0,110900.0,205060,883061,0,0,0.0
20140916,110900.0,110910.0,110870.0,110870.0,197080,875745,0,0,0.0
20140917,110880.0,110910.0,110860.0,110890.0,278770,880197,0,0,0.0
20140918,110890.0,110900.0,110850.0,110870.0,225710,889922,0,0,0.0
20140919,110860.0,110900.0,110840.0,110890.0,134580,868639,0,0,0.0
20140922,110900.0,110900.0,110870.0,110890.0,224600,869996,0,0,0.0
20140923,110900.0,110900.0,110850.0,110860.0,198930,859817,0,0,0.0
20140924,110850.0,110870.0,110850.0,110860.0,153640,850284,0,0,0.0
20140925,110860.0,110900.0,110860.0,110890.0,149780,847035,0,0,0.0
20140926,110900.0,110900.0,110890.0,110890.0,157180,836456,0,0,0.0
20140929,110900.0,110910.0,110880.0,110890.0,182610,840508,0,0,0.0
20140930,110880.0,110930.0,110880.0,110920.0,209600,845382,0,0,0.0
20141001,110920.0,110940.0,110910.0,110930.0,197730,849659,0,0,0.0
20141002,110920.0,110930.0,110890.0,110890.0,155090,862416,0,0,0.0
20141003,110890.0,110900.0,110860.0,110890.0,142370,857797,0,0,0.0
20141006,110890.0,110910.0,110890.0,110900.0,173940,856324,0,0,0.0
20141007,110900.0,110910.0,110880.0,110890.0,136140,853519,0,0,0.0
20141008,110890.0,110900.0,110880.0,110890.0,148880,850618,0,0,0.0
20141009,110890.0,110900.0,110870.0,110870.0,226170,846749,0,0,0.0
20141010,110880.0,110890.0,110870.0,110870.0,275810,853037,0,0,0.0
20141013,110880.0,110880.0,110840.0,110850.0,198470,837047,0,0,0.0
20141014,110840.0,110880.0,110840.0,110860.0,355400,822342,0,0,0.0
20141015,110860.0,110910.0,110860.0,110870.0,464670,827397,0,0,0.0
20141016,110870.0,110940.0,110860.0,110890.0,219890,789284,0,0,0.0
20141017,110880.0,110880.0,110840.0,110880.0,183980,828593,0,0,0.0
20141020,110870.0,110900.0,110860.0,110890.0,211870,834253,0,0,0.0
20141021,110890.0,110900.0,110830.0,110840.0,201130,834716,0,0,0.0
20141022,110840.0,110870.0,110830.0,110870.0,179815,817316,0,0,0.0
20141023,110860.0,110870.0,110850.0,110850.0,200810,808161,0,0,0.0
20141024,110860.0,110880.0,110840.0,110840.0,126900,815225,0,0,0.0
20141027,110850.0,110870.0,110830.0,110860.0,146960,813536,0,0,0.0
20141028,110860.0,110870.0,110850.0,110870.0,108550,808519,0,0,0.0
20141029,110870.0,110870.0,110840.0,110840.0,171230,809175,0,0,0.0
20141030,110850.0,110880.0,110840.0,110860.0,200440,808309,0,0,0.0
20141031,110860.0,110910.0,110850.0,110910.0,191630,808309,0,0,0.0
20141103,110910.0,110910.0,110870.0,110880.0,182680,822716,0,0,0.0
20141104,110890.0,110900.0,110870.0,110880.0,158070,820523,0,0,0.0
20141105,110880.0,110900.0,110870.0,110890.0,175120,832352,0,0,0.0
20141106,110900.0,110910.0,110870.0,110890.0,159100,837433,0,0,0.0
20141107,110900.0,110900.0,110880.0,110890.0,176840,847242,0,0,0.0
20141110,110890.0,110900.0,110870.0,110870.0,98344,842376,0,0,0.0
20141111,110870.0,110880.0,110860.0,110880.0,163070,839057,0,0,0.0
20141112,110880.0,110880.0,110870.0,110870.0,222560,873885,0,0,0.0
20141113,110870.0,110880.0,110850.0,110870.0,119760,890310,0,0,0.0
20141114,110870.0,110870.0,110850.0,110860.0,161270,905226,0,0,0.0
20141117,110860.0,110870.0,110840.0,110850.0,235700,892942,0,0,0.0
20141118,110850.0,110850.0,110800.0,110810.0,510640,882072,0,0,0.0
20141119,110810.0,110820.0,110770.0,110780.0,383010,893383,0,0,0.0
20141120,110780.0,110800.0,110760.0,110800.0,435690,896460,0,0,0.0
20141121,110790.0,110830.0,110780.0,110810.0,186982,902324,201503,201503,0.0
20141124,110810.0,110820.0,110810.0,110810.0,268689,177879,0,0,50.0
20141125,110810.0,110820.0,110800.0,110800.0,276087,203317,0,0,0.0
20141126,110800.0,110830.0,110800.0,110810.0,227166,250451,0,0,0.0
20141127,110810.0,110830.0,110800.0,110800.0,170407,226423,0,0,0.0
20141128,110810.0,110810.0,110790.0,110790.0,570322,264543,0,0,0.0
20141201,110790.0,110800.0,110750.0,110750.0,769300,323634,0,0,0.0
20141202,110750.0,110790.0,110750.0,110770.0,952720,447020,0,0,0.0
20141203,110780.0,110800.0,110780.0,110800.0,912103,618396,0,0,0.0
20141204,110810.0,110810.0,110750.0,110790.0,534548,748757,0,0,0.0
20141205,110790.0,110800.0,110740.0,110770.0,256261,811329,0,0,0.0
20141208,110760.0,110810.0,110750.0,110810.0,218370,813304,0,0,0.0
20141209,110800.0,110810.0,110780.0,110800.0,167422,824209,0,0,0.0
20141210,110800.0,110810.0,110780.0,110790.0,171090,840353,0,0,0.0
20141211,110790.0,110810.0,110780.0,110800.0,124615,842264,0,0,0.0
20141212,110800.0,110830.0,110800.0,110810.0,145461,843467,0,0,0.0
20141215,110820.0,110860.0,110810.0,110850.0,310850,843549,0,0,0.0
20141216,110860.0,110900.0,110850.0,110890.0,189600,860190,0,0,0.0
20141217,110880.0,110900.0,110870.0,110880.0,199440,869111,0,0,0.0
20141218,110890.0,110920.0,110880.0,110890.0,152340,881695,0,0,0.0
20141219,110900.0,110920.0,110890.0,110910.0,110850,898164,0,0,0.0
20141222,110910.0,110940.0,110910.0,110930.0,84358,906217,0,0,0.0
20141223,110920.0,110940.0,110920.0,110940.0,94472,940377,0,0,0.0
20141229,110930.0,110950.0,110920.0,110950.0,172070,921500,0,0,0.0
20150102,110960.0,110970.0,110940.0,110940.0,158120,936027,0,0,0.0
20150105,110950.0,110960.0,110940.0,110950.0,176680,958489,0,0,0.0
20150106,110950.0,110960.0,110940.0,110960.0,237430,945884,0,0,0.0
20150107,110950.0,110960.0,110940.0,110950.0,169070,990693,0,0,0.0
20150108,110950.0,110960.0,110930.0,110940.0,294780,973720,0,0,0.0
20150109,110940.0,110990.0,110940.0,110950.0,238660,962654,0,0,0.0
20150112,110960.0,110970.0,110940.0,110960.0,168180,962441,0,0,0.0
20150113,110960.0,110970.0,110950.0,110960.0,218780,948628,0,0,0.0
20150114,110970.0,110980.0,110960.0,110960.0,368810,921084,0,0,0.0
20150115,110960.0,111040.0,110950.0,111030.0,346480,916389,0,0,0.0
20150116,111030.0,111060.0,111010.0,111040.0,146020,898588,0,0,0.0
20150119,111040.0,111070.0,111040.0,111060.0,242410,902541,0,0,0.0
20150120,111050.0,111060.0,111020.0,111020.0,373670,901026,0,0,0.0
20150121,111020.0,111050.0,111010.0,111030.0,412950,897893,0,0,0.0
20150122,111030.0,111090.0,111000.0,111070.0,294110,899168,0,0,0.0
20150123,111080.0,111090.0,111050.0,111050.0,198690,902023,0,0,0.0
20150126,111060.0,111080.0,111020.0,111020.0,169300,898371,0,0,0.0
20150127,111030.0,111050.0,111020.0,111030.0,229150,912841,0,0,0.0
20150128,111030.0,111100.0,111020.0,111100.0,270180,947392,0,0,0.0
20150129,111080.0,111100.0,111070.0,111080.0,271390,976827,0,0,0.0
20150130,111080.0,111120.0,111070.0,111100.0,284670,995880,0,0,0.0
20150202,111110.0,111110.0,111080.0,111080.0,341470,977992,0,0,0.0
20150203,111090.0,111130.0,111070.0,111110.0,212250,945773,0,0,0.0
20150204,111110.0,111140.0,111100.0,111120.0,207240,935771,0,0,0.0
20150205,111120.0,111150.0,111110.0,111120.0,162760,940385,0,0,0.0
20150206,111130.0,111150.0,111110.0,111150.0,116450,949767,0,0,0.0
20150209,111150.0,111150.0,111130.0,111140.0,270820,949876,0,0,0.0
20150210,111140.0,111170.0,111130.0,111170.0,294740,969432,0,0,0.0
20150211,111160.0,111180.0,111150.0,111180.0,234290,976011,0,0,0.0
20150212,111180.0,111190.0,111160.0,111180.0,187050,998029,0,0,0.0
20150213,111170.0,111180.0,111140.0,111160.0,114110,992201,0,0,0.0
20150216,111160.0,111190.0,111160.0,111180.0,232440,1005130,0,0,0.0
20150217,111190.0,111190.0,111130.0,111130.0,173830,1003429,0,0,0.0
20150218,111140.0,111170.0,111130.0,111170.0,172860,1025066,0,0,0.0
20150219,111170.0,111170.0,111150.0,111150.0,186400,1008957,0,0,0.0
20150220,111150.0,111180.0,111150.0,111150.0,314460,1012961,0,0,0.0
20150223,111160.0,111170.0,111140.0,111160.0,192180,998852,201506,201506,0.0
20150224,111170.0,111170.0,111150.0,111170.0,303490,186532,0,0,-130.0
20150225,111160.0,111200.0,111160.0,111200.0,373160,210553,0,0,0.0
20150226,111200.0,111220.0,111190.0,111200.0,222860,255834,0,0,0.0
20150227,111210.0,111210.0,111180.0,111200.0,1006800,272604,0,0,0.0
20150302,111200.0,111200.0,111150.0,111150.0,969000,533818,0,0,0.0
20150303,111150.0,111180.0,111150.0,111160.0,1203900,727470,0,0,0.0
20150304,111160.0,111170.0,111120.0,111140.0,1090000,984993,0,0,0.0
20150305,111140.0,111150.0,111040.0,111140.0,272410,1121239,0,0,0.0
20150306,111140.0,111140.0,111110.0,111130.0,246987,1123292,0,0,0.0
20150309,111140.0,111160.0,111120.0,111140.0,394730,1126594,0,0,0.0
20150310,111140.0,111230.0,111140.0,111200.0,302450,1164903,0,0,0.0
20150311,111210.0,111210.0,111180.0,111200.0,237330,1162671,0,0,0.0
20150312,111210.0,111220.0,111170.0,111180.0,240610,1176913,0,0,0.0
20150313,111180.0,111200.0,111170.0,111190.0,214850,1206120,0,0,0.0
20150316,111180.0,111190.0,111130.0,111140.0,281120,1215159,0,0,0.0
20150317,111140.0,111150.0,111120.0,111130.0,290680,1210707,0,0,0.0
20150318,111130.0,111210.0,111130.0,111190.0,217200,1267463,0,0,0.0
20150319,111190.0,111210.0,111180.0,111210.0,125290,1270958,0,0,0.0
20150320,111210.0,111210.0,111190.0,111200.0,137350,1271413,0,0,0.0
20150323,111210.0,111210.0,111160.0,111170.0,125310,1260200,0,0,0.0
20150324,111160.0,111190.0,111160.0,111170.0,150670,1243962,0,0,0.0
20150325,111170.0,111200.0,111170.0,111180.0,128120,1250270,0,0,0.0
20150326,111190.0,111220.0,111180.0,111220.0,195940,1264682,0,0,0.0
20150327,111220.0,111220.0,111200.0,111210.0,175280,1273047,0,0,0.0
20150330,111210.0,111220.0,111200.0,111210.0,177440,1225825,0,0,0.0
20150331,111210.0,111230.0,111190.0,111210.0,198880,1237364,0,0,0.0
20150401,111210.0,111240.0,111200.0,111230.0,152570,1228219,0,0,0.0
20150402,111230.0,111240.0,111220.0,111230.0,98503,1228219,0,0,0.0
20150407,111230.0,111250.0,111230.0,111240.0,200050,1244735,0,0,0.0
20150408,111250.0,111290.0,111250.0,111280.0,137610,1259931,0,0,0.0
20150409,111290.0,111290.0,111270.0,111270.0,97835,1277971,0,0,0.0
20150410,111270.0,111280.0,111260.0,111270.0,97835,1277971,0,0,0.0
20150413,111265.0,111285.0,111265.0,111275.0,83931,1268474,0,0,0.0
20150414,111280.0,111290.0,111270.0,111280.0,120577,1279491,0,0,0.0
20150415,111280.0,111295.0,111260.0,111270.0,170511,1277495,0,0,0.0
20150416,111265.0,111285.0,111260.0,111280.0,141088,1280109,0,0,0.0
20150417,111275.0,111290.0,111250.0,111265.0,172117,1274362,0,0,0.0
20150420,111260.0,111265.0,111240.0,111250.0,141597,1254506,0,0,0.0
20150421,111250.0,111270.0,111240.0,111255.0,171609,1250753,0,0,0.0
20150422,111245.0,111270.0,111225.0,111235.0,174947,1251494,0,0,0.0
20150423,111240.0,111260.0,111230.0,111260.0,257579,1247873,0,0,0.0
20150424,111255.0,111260.0,111235.0,111245.0,178784,1225590,0,0,0.0
20150427,111245.0,111270.0,111245.0,111255.0,148479,1214458,0,0,0.0
20150428,111260.0,111290.0,111255.0,111260.0,185679,1216755,0,0,0.0
20150429,111260.0,111270.0,111180.0,111190.0,431912,1230655,0,0,0.0
20150430,111185.0,111200.0,111145.0,111165.0,422223,1213279,0,0,0.0
20150504,111165.0,111175.0,111140.0,111170.0,236571,1220280,0,0,0.0
20150505,111160.0,111185.0,111150.0,111170.0,314272,1241933,0,0,0.0
20150506,111160.0,111175.0,111150.0,111165.0,312182,1223656,0,0,0.0
20150507,111160.0,111175.0,111120.0,111150.0,404889,1210627,0,0,0.0
20150508,111165.0,111180.0,111145.0,111165.0,218821,1179837,0,0,0.0
20150511,111165.0,111180.0,111150.0,111170.0,181819,1183256,0,0,0.0
20150512,111150.0,111170.0,111140.0,111150.0,254268,1149626,0,0,0.0
20150513,111145.0,111155.0,111105.0,111130.0,365363,1121200,0,0,0.0
20150514,111115.0,111135.0,111100.0,111115.0,279639,1097556,0,0,0.0
20150515,111125.0,111145.0,111110.0,111135.0,184582,1072110,0,0,0.0
20150518,111135.0,111140.0,111125.0,111135.0,122853,1075775,0,0,0.0
20150519,111135.0,111200.0,111135.0,111155.0,262232,1062791,201509,201509,0.0
20150520,111160.0,111175.0,111160.0,111180.0,3320,107582,0,0,95.0
20150521,111185.0,111185.0,111175.0,111170.0,5049,110048,0,0,0.0
20150522,111185.0,111190.0,111165.0,111170.0,17404,114459,0,0,0.0
20150526,111175.0,111205.0,111175.0,111195.0,87474,123880,0,0,0.0
20150527,111195.0,111215.0,111195.0,111205.0,107943,170294,0,0,0.0
20150528,111210.0,111215.0,111195.0,111195.0,64749,245355,0,0,0.0
20150529,111200.0,111205.0,111175.0,111180.0,140208,261549,0,0,0.0
20150601,111175.0,111195.0,111140.0,111180.0,197174,316161,0,0,0.0
20150602,111160.0,111170.0,111110.0,111120.0,437198,392928,0,0,0.0
20150603,111110.0,111135.0,111075.0,111090.0,528910,548930,0,0,0.0
20150604,111075.0,111125.0,111055.0,111095.0,432942,770581,0,0,0.0
20150605,111110.0,111115.0,111045.0,111070.0,373439,914421,0,0,0.0
20150608,111075.0,111080.0,111040.0,111050.0,190910,999123,0,0,0.0
20150609,111045.0,111055.0,111005.0,111010.0,367212,987502,0,0,0.0
20150610,111010.0,111055.0,110985.0,111030.0,398703,977269,0,0,0.0
20150611,111040.0,111075.0,111035.0,111055.0,255064,987066,0,0,0.0
20150612,111065.0,111100.0,111055.0,111080.0,298361,998034,0,0,0.0
20150615,111090.0,111115.0,111075.0,111090.0,191274,1000959,0,0,0.0
20150616,111105.0,111120.0,111095.0,111115.0,244259,994265,0,0,0.0
20150617,111110.0,111125.0,111105.0,111115.0,175770,980463,0,0,0.0
20150618,111125.0,111140.0,111095.0,111120.0,213782,962830,0,0,0.0
20150619,111120.0,111145.0,111105.0,111135.0,184588,959400,0,0,0.0
20150622,111130.0,111135.0,111080.0,111095.0,267603,953217,0,0,0.0
20150623,111110.0,111110.0,111090.0,111105.0,158325,935729,0,0,0.0
20150624,111110.0,111130.0,111100.0,111115.0,200304,930643,0,0,0.0
20150625,111120.0,111130.0,111110.0,111120.0,128227,914704,0,0,0.0
20150626,111125.0,111135.0,111080.0,111100.0,211291,910905,0,0,0.0
20150629,111155.0,111195.0,111135.0,111160.0,386213,914364,0,0,0.0
20150630,111165.0,111195.0,111160.0,111170.0,279024,917161,0,0,0.0
20150701,111180.0,111205.0,111165.0,111195.0,389055,893081,0,0,0.0
20150702,111205.0,111220.0,111185.0,111205.0,240178,866124,0,0,0.0
20150706,111280.0,111285.0,111215.0,111220.0,253191,860628,0,0,0.0
20150707,111245.0,111265.0,111225.0,111255.0,244911,863237,0,0,0.0
20150708,111245.0,111265.0,111230.0,111230.0,231558,883532,0,0,0.0
20150709,111235.0,111245.0,111220.0,111225.0,211998,902481,0,0,0.0
20150710,111215.0,111220.0,111120.0,111130.0,382287,909312,0,0,0.0
20150713,111145.0,111175.0,111100.0,111170.0,306050,933205,0,0,0.0
20150714,111170.0,111185.0,111155.0,111165.0,160929,910268,0,0,0.0
20150715,111180.0,111205.0,111170.0,111185.0,201122,908164,0,0,0.0
20150716,111190.0,111190.0,111145.0,111165.0,248874,914178,0,0,0.0
20150717,111160.0,111175.0,111155.0,111165.0,114097,911140,0,0,0.0
20150720,111165.0,111175.0,111155.0,111165.0,96639,907223,0,0,0.0
20150721,111165.0,111175.0,111155.0,111165.0,120599,904232,0,0,0.0
20150722,111160.0,111185.0,111155.0,111180.0,109032,895356,0,0,0.0
20150723,111170.0,111180.0,111165.0,111175.0,71447,891635,0,0,0.0
20150724,111170.0,111185.0,111155.0,111185.0,137049,899388,0,0,0.0
20150727,111165.0,111185.0,111160.0,111175.0,92253,884470,0,0,0.0
20150728,111165.0,111195.0,111145.0,111195.0,170992,888010,0,0,0.0
20150729,111180.0,111215.0,111175.0,111210.0,159288,880739,0,0,0.0
20150730,111200.0,111220.0,111195.0,111205.0,153902,897069,0,0,0.0
20150731,111215.0,111215.0,111180.0,111190.0,188047,904572,0,0,0.0
20150803,111185.0,111220.0,111180.0,111210.0,130183,919444,0,0,0.0
20150804,111210.0,111230.0,111205.0,111220.0,157890,918179,0,0,0.0
20150805,111215.0,111230.0,111200.0,111210.0,187628,925168,0,0,0.0
20150806,111215.0,111220.0,111200.0,111205.0,135769,930031,0,0,0.0
20150807,111215.0,111255.0,111210.0,111250.0,159392,927355,0,0,0.0
20150810,111250.0,111270.0,111240.0,111260.0,116983,933857,0,0,0.0
20150811,111265.0,111280.0,111260.0,111275.0,161895,940502,0,0,0.0
20150812,111285.0,111305.0,111275.0,111290.0,224426,955707,0,0,0.0
20150813,111285.0,111290.0,111270.0,111285.0,135299,974708,0,0,0.0
20150814,111280.0,111285.0,111265.0,111275.0,68690,989489,0,0,0.0
20150817,111270.0,111275.0,111245.0,111255.0,115814,992162,0,0,0.0
20150818,111245.0,111260.0,111235.0,111250.0,135565,1016923,0,0,0.0
20150819,111245.0,111260.0,111235.0,111245.0,132414,1031442,201512,201512,0.0
20150820,111255.0,111265.0,111255.0,111260.0,646,5993,0,0,-20.0
20150821,111260.0,111265.0,111255.0,111265.0,1051,6361,0,0,0.0
20150824,111275.0,111285.0,111255.0,111260.0,3133,7122,0,0,0.0
20150825,111255.0,111255.0,111220.0,111220.0,53207,9516,0,0,0.0
20150826,111220.0,111235.0,111210.0,111225.0,9447,41630,0,0,0.0
20150827,111205.0,111220.0,111195.0,111200.0,25860,46884,0,0,0.0
20150828,111205.0,111205.0,111155.0,111180.0,40638,67847,0,0,0.0
20150831,111160.0,111175.0,111125.0,111160.0,91785,92270,0,0,0.0
20150901,111130.0,111185.0,111130.0,111170.0,242083,165159,0,0,0.0
20150902,111175.0,111175.0,111150.0,111150.0,281463,322461,0,0,0.0
20150903,111160.0,111240.0,111160.0,111235.0,570692,488359,0,0,0.0
20150904,111235.0,111240.0,111210.0,111230.0,360640,698202,0,0,0.0
20150908,111215.0,111215.0,111180.0,111195.0,174521,920978,0,0,0.0
20150909,111195.0,111210.0,111185.0,111195.0,133280,938351,0,0,0.0
20150910,111210.0,111215.0,111195.0,111195.0,135631,950946,0,0,0.0
20150911,111205.0,111225.0,111195.0,111220.0,164523,945907,0,0,0.0
20150914,111210.0,111235.0,111200.0,111225.0,82683,940746,0,0,0.0
20150915,111230.0,111245.0,111200.0,111205.0,221617,946208,0,0,0.0
20150916,111205.0,111220.0,111180.0,111180.0,237880,925928,0,0,0.0
20150917,111190.0,111205.0,111140.0,111150.0,405521,925140,0,0,0.0
20150918,111195.0,111235.0,111170.0,111225.0,314301,958477,0,0,0.0
20150921,111235.0,111240.0,111205.0,111225.0,217730,956029,0,0,0.0
20150922,111235.0,111310.0,111235.0,111300.0,422000,983185,0,0,0.0
20150923,111310.0,111315.0,111260.0,111270.0,283502,1006511,0,0,0.0
20150924,111275.0,111280.0,111245.0,111265.0,288998,1007307,0,0,0.0
20150925,111245.0,111255.0,111225.0,111250.0,172107,1013582,0,0,0.0
20150928,111255.0,111280.0,111255.0,111275.0,147493,988621,0,0,0.0
20150929,111280.0,111285.0,111260.0,111265.0,249978,991969,0,0,0.0
20150930,111260.0,111275.0,111245.0,111265.0,317875,989587,0,0,0.0
20151001,111270.0,111305.0,111260.0,111290.0,242141,974127,0,0,0.0
20151002,111295.0,111315.0,111270.0,111295.0,250329,961724,0,0,0.0
20151005,111290.0,111300.0,111270.0,111275.0,195500,957864,0,0,0.0
20151006,111275.0,111280.0,111240.0,111255.0,194871,959719,0,0,0.0
20151007,111250.0,111265.0,111240.0,111250.0,175930,952331,0,0,0.0
20151008,111255.0,111270.0,111245.0,111255.0,166443,940310,0,0,0.0
20151009,111255.0,111265.0,111245.0,111255.0,119343,910740,0,0,0.0
20151013,111265.0,111285.0,111255.0,111260.0,136293,892349,0,0,0.0
20151014,111260.0,111290.0,111260.0,111280.0,181120,889299,0,0,0.0
20151015,111290.0,111305.0,111270.0,111275.0,213312,905571,0,0,0.0
20151016,111275.0,111305.0,111275.0,111300.0,115257,930535,0,0,0.0
20151019,111305.0,111310.0,111280.0,111290.0,230046,927571,0,0,0.0
20151020,111295.0,111300.0,111235.0,111245.0,282820,913013,0,0,0.0
20151021,111245.0,111285.0,111235.0,111270.0,235262,918152,0,0,0.0
20151022,111275.0,111420.0,111275.0,111390.0,409894,924626,0,0,0.0
20151023,111405.0,111465.0,111380.0,111405.0,353737,940286,0,0,0.0
20151026,111410.0,111435.0,111405.0,111415.0,174869,928329,0,0,0.0
20151027,111435.0,111455.0,111420.0,111450.0,207915,939954,0,0,0.0
20151028,111445.0,111485.0,111420.0,111460.0,264305,962314,0,0,0.0
20151029,111435.0,111455.0,111400.0,111405.0,280134,974980,0,0,0.0
20151030,111415.0,111430.0,111385.0,111395.0,231583,968414,0,0,0.0
20151102,111425.0,111425.0,111355.0,111365.0,311250,957138,0,0,0.0
20151103,111385.0,111405.0,111375.0,111395.0,206079,950646,0,0,0.0
20151104,111415.0,111425.0,111390.0,111395.0,229348,974610,0,0,0.0
20151105,111410.0,111410.0,111380.0,111400.0,300922,992597,0,0,0.0
20151106,111405.0,111410.0,111335.0,111345.0,359463,1033096,0,0,0.0
20151109,111335.0,111445.0,111325.0,111395.0,332901,1039000,0,0,0.0
20151110,111445.0,111475.0,111430.0,111450.0,277063,1007723,0,0,0.0
20151112,111485.0,111510.0,111465.0,111470.0,226865,1047120,0,0,0.0
20151113,111475.0,111520.0,111470.0,111495.0,169190,1060585,0,0,0.0
20151116,111535.0,111535.0,111490.0,111505.0,172182,1054314,0,0,0.0
20151117,111510.0,111535.0,111505.0,111520.0,219948,1063869,0,0,0.0
20151118,111535.0,111535.0,111500.0,111505.0,253362,1063270,0,0,0.0
20151119,111505.0,111520.0,111485.0,111515.0,183056,1068716,201603,201603,0.0
20151120,111520.0,111530.0,111520.0,111530.0,33665,176056,0,0,30.0
20151123,111535.0,111550.0,111515.0,111535.0,15810,173324,0,0,0.0
20151124,111545.0,111565.0,111505.0,111520.0,44693,176513,0,0,0.0
20151125,111510.0,111610.0,111505.0,111580.0,96797,210030,0,0,0.0
20151127,111610.0,111625.0,111590.0,111590.0,32212,271899,0,0,0.0
20151130,111600.0,111600.0,111575.0,111585.0,66061,291168,0,0,0.0
20151201,111585.0,111645.0,111575.0,111635.0,331188,318754,0,0,0.0
20151202,111635.0,111655.0,111605.0,111650.0,451998,497972,0,0,0.0
20151203,111630.0,111710.0,111310.0,111345.0,714453,712718,0,0,0.0
20151204,111315.0,111360.0,111280.0,111310.0,776489,910972,0,0,0.0
20151207,111320.0,111390.0,111320.0,111365.0,405165,1052130,0,0,0.0
20151208,111360.0,111375.0,111340.0,111360.0,230838,1064746,0,0,0.0
20151209,111370.0,111395.0,111350.0,111375.0,241219,1060360,0,0,0.0
20151210,111380.0,111425.0,111380.0,111400.0,201294,1050671,0,0,0.0
20151211,111395.0,111450.0,111390.0,111435.0,218641,1064830,0,0,0.0
20151214,111430.0,111445.0,111395.0,111415.0,193765,1087506,0,0,0.0
20151215,111405.0,111415.0,111365.0,111390.0,227351,1080759,0,0,0.0
20151216,111400.0,111420.0,111345.0,111380.0,191258,1074805,0,0,0.0
20151217,111380.0,111430.0,111380.0,111410.0,177136,1073414,0,0,0.0
20151218,111415.0,111440.0,111410.0,111430.0,115450,1037420,0,0,0.0
20151221,111430.0,111450.0,111410.0,111445.0,81744,1032552,0,0,0.0
20151222,111435.0,111440.0,111390.0,111400.0,103998,1025764,0,0,0.0
20151223,111400.0,111415.0,111375.0,111380.0,90580,1023966,0,0,0.0
20151228,111375.0,111395.0,111365.0,111395.0,62740,1033643,0,0,0.0
20151229,111375.0,111385.0,111360.0,111375.0,84872,1023767,0,0,0.0
20151230,111370.0,111405.0,111365.0,111395.0,82750,1027218,0,0,0.0
20160104,111405.0,111435.0,111400.0,111420.0,225439,1018357,0,0,0.0
20160105,111405.0,111475.0,111400.0,111460.0,228701,1037147,0,0,0.0
20160106,111475.0,111500.0,111465.0,111490.0,296179,1007068,0,0,0.0
20160107,111495.0,111540.0,111475.0,111485.0,296475,1009107,0,0,0.0
20160108,111495.0,111520.0,111480.0,111505.0,211353,1016822,0,0,0.0
20160111,111510.0,111520.0,111485.0,111500.0,163389,1027975,0,0,0.0
20160112,111495.0,111500.0,111460.0,111490.0,172760,1045601,0,0,0.0
20160113,111485.0,111505.0,111465.0,111495.0,157176,1060804,0,0,0.0
20160114,111495.0,111515.0,111470.0,111485.0,248787,1077657,0,0,0.0
20160115,111495.0,111545.0,111490.0,111530.0,252658,1056669,0,0,0.0
20160119,111510.0,111530.0,111500.0,111520.0,144029,1019106,0,0,0.0
20160120,111525.0,111575.0,111525.0,111555.0,262263,1017687,0,0,0.0
20160121,111545.0,111655.0,111520.0,111615.0,349897,1055708,0,0,0.0
20160122,111635.0,111640.0,111605.0,111630.0,198265,1063410,0,0,0.0
20160125,111630.0,111640.0,111620.0,111625.0,120787,1074091,0,0,0.0
20160126,111640.0,111655.0,111630.0,111650.0,159453,1074555,0,0,0.0
20160127,111650.0,111665.0,111610.0,111630.0,231215,1083580,0,0,0.0
20160128,111635.0,111650.0,111625.0,111635.0,174937,1065047,0,0,0.0
20160129,111650.0,111720.0,111650.0,111710.0,362753,1040619,0,0,0.0
20160201,111705.0,111720.0,111660.0,111670.0,324399,1073471,0,0,0.0
20160202,111685.0,111710.0,111670.0,111695.0,212218,1065129,0,0,0.0
20160203,111705.0,111745.0,111690.0,111735.0,244236,1086623,0,0,0.0
20160204,111725.0,111735.0,111695.0,111700.0,194283,1102855,0,0,0.0
20160205,111710.0,111720.0,111685.0,111715.0,196970,1118049,0,0,0.0
20160208,111710.0,111775.0,111710.0,111745.0,393319,1135493,0,0,0.0
20160209,111770.0,111785.0,111735.0,111785.0,363886,1130171,0,0,0.0
20160210,111750.0,111770.0,111740.0,111745.0,338000,1143624,0,0,0.0
20160211,111760.0,111830.0,111750.0,111805.0,319115,1168066,0,0,0.0
20160212,111790.0,111810.0,111710.0,111740.0,265472,1180833,0,0,0.0
20160216,111755.0,111760.0,111725.0,111740.0,203853,1214444,0,0,0.0
20160217,111760.0,111765.0,111710.0,111735.0,258689,1203724,0,0,0.0
20160218,111740.0,111755.0,111720.0,111750.0,249283,1215177,201606,201606,0.0
20160219,111755.0,111770.0,111755.0,111765.0,23386,68275,0,0,55.0
20160222,111775.0,111785.0,111755.0,111780.0,15036,90483,0,0,0.0
20160223,111760.0,111770.0,111740.0,111755.0,18244,104325,0,0,0.0
20160224,111755.0,111785.0,111735.0,111745.0,129530,117870,0,0,0.0
20160225,111740.0,111780.0,111725.0,111775.0,15984,172580,0,0,0.0
20160226,111770.0,111805.0,111770.0,111785.0,42485,180988,0,0,0.0
20160229,111785.0,111850.0,111785.0,111830.0,91755,203488,0,0,0.0
20160301,111845.0,111850.0,111800.0,111825.0,118026,238429,0,0,0.0
20160302,111805.0,111810.0,111780.0,111800.0,494383,298531,0,0,0.0
20160303,111795.0,111860.0,111780.0,111840.0,450462,540668,0,0,0.0
20160304,111845.0,111850.0,111755.0,111790.0,568106,791397,0,0,0.0
20160307,111790.0,111815.0,111770.0,111790.0,369102,1013923,0,0,0.0
20160308,111805.0,111840.0,111805.0,111825.0,280050,1122975,0,0,0.0
20160309,111805.0,111810.0,111745.0,111755.0,284587,1162228,0,0,0.0
20160310,111750.0,111815.0,111545.0,111570.0,752578,1167700,0,0,0.0
20160311,111580.0,111610.0,111550.0,111580.0,315616,1132840,0,0,0.0
20160314,111600.0,111615.0,111565.0,111585.0,245238,1091221,0,0,0.0
20160315,111575.0,111590.0,111555.0,111560.0,196547,1101815,0,0,0.0
20160316,111555.0,111590.0,111540.0,111565.0,189429,1080389,0,0,0.0
20160317,111580.0,111600.0,111580.0,111590.0,232972,1067917,0,0,0.0
20160318,111595.0,111615.0,111585.0,111600.0,161210,1042386,0,0,0.0
20160321,111605.0,111630.0,111595.0,111610.0,136825,1027932,0,0,0.0
20160322,111610.0,111635.0,111600.0,111610.0,141178,1027638,0,0,0.0
20160323,111610.0,111620.0,111600.0,111610.0,124967,1032453,0,0,0.0
20160324,111615.0,111630.0,111590.0,111605.0,176698,1030719,0,0,0.0
20160329,111600.0,111645.0,111595.0,111625.0,164454,1030963,0,0,0.0
20160330,111635.0,111635.0,111615.0,111625.0,149812,1010199,0,0,0.0
20160331,111630.0,111640.0,111610.0,111615.0,219088,1008216,0,0,0.0
20160401,111625.0,111630.0,111600.0,111600.0,180394,988800,0,0,0.0
20160404,111615.0,111615.0,111590.0,111605.0,141106,955493,0,0,0.0
20160405,111610.0,111630.0,111605.0,111625.0,181698,952393,0,0,0.0
20160406,111620.0,111635.0,111610.0,111635.0,163882,944491,0,0,0.0
20160407,111635.0,111675.0,111630.0,111670.0,192508,964711,0,0,0.0
20160408,111660.0,111695.0,111660.0,111690.0,169956,959762,0,0,0.0
20160411,111685.0,111705.0,111680.0,111690.0,162478,951035,0,0,0.0
20160412,111695.0,111700.0,111675.0,111685.0,115394,938588,0,0,0.0
20160413,111675.0,111705.0,111675.0,111690.0,140405,932666,0,0,0.0
20160414,111680.0,111695.0,111650.0,111665.0,178817,934850,0,0,0.0
20160415,111655.0,111685.0,111650.0,111680.0,107606,921550,0,0,0.0
20160418,111680.0,111685.0,111650.0,111660.0,157492,930731,0,0,0.0
20160419,111660.0,111670.0,111655.0,111660.0,108850,930965,0,0,0.0
20160420,111665.0,111680.0,111645.0,111660.0,159883,929517,0,0,0.0
20160421,111650.0,111660.0,111605.0,111630.0,294328,926247,0,0,0.0
20160422,111635.0,111670.0,111620.0,111645.0,158301,922032,0,0,0.0
20160425,111670.0,111675.0,111635.0,111640.0,191930,913143,0,0,0.0
20160426,111650.0,111655.0,111620.0,111625.0,165118,919937,0,0,0.0
20160427,111630.0,111660.0,111625.0,111635.0,169925,908314,0,0,0.0
20160428,111660.0,111670.0,111635.0,111640.0,184093,903472,0,0,0.0
20160429,111640.0,111645.0,111590.0,111595.0,263595,897130,0,0,0.0
20160502,111610.0,111625.0,111585.0,111585.0,106526,892642,0,0,0.0
20160503,111590.0,111640.0,111580.0,111630.0,249692,889160,0,0,0.0
20160504,111630.0,111645.0,111615.0,111635.0,178586,877617,0,0,0.0
20160505,111630.0,111670.0,111625.0,111655.0,148834,870527,0,0,0.0
20160506,111665.0,111685.0,111655.0,111675.0,141867,862443,0,0,0.0
20160509,111660.0,111685.0,111660.0,111680.0,132635,862443,0,0,0.0
20160510,111675.0,111680.0,111665.0,111670.0,156829,882899,0,0,0.0
20160511,111675.0,111680.0,111660.0,111670.0,159891,868164,0,0,0.0
20160512,111670.0,111685.0,111655.0,111670.0,191930,845955,0,0,0.0
20160513,111665.0,111680.0,111660.0,111670.0,167386,838068,0,0,0.0
20160516,111675.0,111675.0,111660.0,111665.0,76419,870301,0,0,0.0
20160517,111665.0,111670.0,111650.0,111665.0,161888,867758,0,0,0.0
20160518,111655.0,111670.0,111640.0,111655.0,186034,864649,0,0,0.0
20160519,111640.0,111650.0,111635.0,111640.0,223082,863041,201609,201609,0.0
